Segment_Index Download_Request_Sent Download_Start Download_End Segment_Size Download_OK
            0               2.10505        2.19604       2.1966         3128           Y
            1                2.1966        2.28715      2.92383       499214           Y
            2               2.92383        3.01445      3.22475       825296           Y
            3               3.22475        3.31527      3.47806       981130           Y
            4               3.47806        3.56865      3.69052       733942           Y
            5               3.69052        3.78107       3.8874       639638           Y
            6                3.8874        3.97793      4.05894       488296           Y
            7               4.05894        4.14957      4.27443       751908           Y
            8               4.27443        4.36501      4.58657       936996           Y
            9               4.58657         4.6771      5.67955       883384           Y
           10               5.67955        5.77007      6.68706       890872           Y
           11               6.68706        6.77758      7.52371       830152           Y
           12               7.52371        7.61433      8.26944       765002           Y
           13               8.26944        8.35996      8.73948       481596           Y
           14               8.73948        8.83003      9.30193       602644           Y
           15               9.30193         9.3925      10.0542       889364           Y
           16               10.1917        10.2821      11.0164       968034           Y
           17                11.253        11.3435       12.099      1102734           Y
           18               12.6794        12.7698      13.6169      1295478           Y
           19               14.2563        14.3467      15.1902      1338370           Y
           20                 15.98        16.0705      16.9123      1397536           Y
           21               17.6482        17.7387      18.8551      1917062           Y
           22               19.4673         19.558      20.4135      1563234           Y
           23               21.2349        21.3254      22.1808      1655234           Y
           24               22.9568        23.0472      23.7201      1370872           Y
           25               24.6371        24.7275      25.4003      1401124           Y
           26               26.4794        26.5699      27.2187      1329350           Y
           27                28.281        28.3714      28.9275      1168552           Y
           28               30.0454        30.1358      30.6287      1147554           Y
           29               31.7757        31.8661      32.3656      1163788           Y
           30               33.6744        33.7648      34.1324       817018           Y
           31               35.5389        35.6293      36.0265       976766           Y
           32                37.372        37.4624      37.9465      1161540           Y
           33               39.3761        39.4666       39.754       698234           Y
           34                41.349        41.4394      41.8158       905140           Y
           35               43.2932        43.3837       43.579       490738           Y
           36               45.2109        45.3013      45.5231       634470           Y
           37               47.1036        47.1941      47.3954       518874           Y
           38                48.973        49.0634      49.2634       529286           Y
           39               50.8202        50.9106      51.1118       515898           Y
           40               52.6465        52.7369      52.9603       660316           Y
           41               54.4528        54.5433      54.7648       669498           Y
           42               56.4403        56.5307      56.8116       717700           Y
           43               58.4069        58.4973      58.7158       643228           Y
           44                60.354        60.4444      60.5641       384562           Y
           45               62.2828        62.3732       62.751       998702           Y
           46               65.0333        65.1237      65.5264      1138672           Y
           47                67.731        67.8214      68.2155      1103682           Y
           48               70.3839        70.4744      70.9765      1441186           Y
           49               72.7969        72.8873      73.2875      1162574           Y
           50                74.977        75.0674      75.2879       701398           Y
           51               77.1293        77.2198       77.314       267270           Y
           52               79.0547        79.1451      79.8143      1911638           Y
           53               80.9572        81.0476      82.3596      3809514           Y
           54               82.8373        82.9277      83.8839      2908998           Y
           55               84.6957        84.7861      86.1208      4124046           Y
           56                86.333        86.4234      87.6146      3757420           Y
           57               88.1623        88.2527        89.37      3646514           Y
           58               89.9781        90.0685       90.921      2863936           Y
           59               91.7784        91.8688      92.2703      1413148           Y
           60               93.5621        93.6525      94.4312      2735758           Y
           61               95.5288        95.6193      96.6454      3605436           Y
           62                97.476        97.5664      98.0935      1927798           Y
           63               99.4042        99.4946      99.9874      1810158           Y
           64               101.314        101.404      102.077      2468234           Y
           65               103.406        103.497      103.917      1644128           Y
           66               105.479        105.569      105.895      1283582           Y
           67               107.533        107.623      107.766       645554           Y
           68               109.569        109.659      109.774       476182           Y
           69               111.588        111.678      112.428      2849792           Y
           70               113.591        113.681      114.497      3157680           Y
           71               115.578        115.668      116.081      1655086           Y
           72               117.349         117.44      118.039      2422030           Y
           73               119.108        119.199      119.407       865194           Y
           74               121.055        121.145      121.149        21740           Y
           75               122.987        123.077      123.484      1672964           Y
           76               124.906        124.996      125.841      3429076           Y
           77               127.011        127.101      127.974      3619938           Y
           78               128.902        128.992      129.826      3495936           Y
           79                130.78        130.871      131.759      3793936           Y
           80               132.647        132.737       133.58      3642068           Y
           81               134.502        134.593      135.185      2613222           Y
           82               136.346        136.437      136.995      2477740           Y
           83               138.179         138.27      138.892      2844468           Y
           84               140.202        140.292      140.784      2238952           Y
           85               142.212        142.303      142.706      1856964           Y
           86               144.211        144.302      144.759      2104104           Y
           87               146.199         146.29      146.845      2565686           Y
           88               148.176        148.267      148.944      3164702           Y
           89               150.143        150.234      151.085      4017534           Y
           90                 152.1        152.191      152.805      2964310           Y
           91               154.051        154.141      155.048      4405610           Y
           92               155.995        156.085      156.716      3078792           Y
           93               157.947        158.037      158.569      2660794           Y
           94               159.901        159.991      160.911      4577932           Y
           95               161.852        161.942      162.272      1670978           Y
           96               163.814        163.904      164.518      3121956           Y
           97               165.779         165.87      166.595      3711576           Y
           98               167.742        167.833      168.244      2113830           Y
           99                 169.7        169.791      170.403      3165496           Y
          100               171.651        171.742      172.485      3884196           Y
          101               173.594        173.684      174.122      2339512           Y
          102               175.529        175.619      175.895      1472964           Y
          103               177.454        177.545      177.835      1552708           Y
          104               179.572        179.662      179.969      1649486           Y
          105               181.679        181.769      182.123      1928648           Y
          106               183.776        183.867      184.359      2664290           Y
          107               185.865        185.955      186.396      2382926           Y
          108               187.944        188.035      188.515      2641274           Y
          109               189.815        189.905      190.217      1726200           Y
          110               191.678        191.768      191.963      1066390           Y
          111               193.534        193.624      193.776       861156           Y
          112               195.382        195.472      195.536       383238           Y
          113               197.423        197.513      197.568       325736           Y
          114               199.456        199.546      199.606       355820           Y
          115               201.481        201.571      201.644       437786           Y
          116               203.498        203.589       203.79      1120514           Y
          117               205.508        205.599      205.878      1565278           Y
          118               207.511        207.601      208.001      2246054           Y
          119               209.507        209.597      209.849      1439812           Y
          120               211.495        211.586      211.952      2092608           Y
          121               213.477        213.568      213.838      1562956           Y
          122               215.452        215.543      215.734      1099550           Y
          123               217.421        217.512      217.607       545526           Y
          124               219.383        219.474      220.056      3348426           Y
          125                221.34         221.43      221.879      2548652           Y
          126                223.29         223.38      223.831      2609818           Y
          127               225.233        225.324      225.747      2441370           Y
          128               227.171        227.262      227.687      2479116           Y
          129               229.104        229.194      229.558      2120604           Y
          130                231.03        231.121      231.415      1720670           Y
          131               232.951        233.042      233.297      1489034           Y
          132               234.867        234.957      235.279      1899890           Y
          133               236.777        236.867      237.157      1716682           Y
          134               238.681        238.772       239.43      3903466           Y
          135               241.579         241.67      242.371      4194944           Y
          136               244.655        244.745      245.028      1640676           Y
          137               247.509        247.599      248.059      2766674           Y
          138               250.144        250.235      250.888      3932322           Y
          139               252.765        252.856      253.555      4199492           Y
          140               255.171        255.261      255.611      2107740           Y
          141               257.363        257.453      258.137      4117966           Y
          142               259.343        259.434       260.59      6963336           Y
          143               261.313        261.404      262.336      5620138           Y
          144               263.273        263.363      264.244      5305968           Y
          145               265.022        265.112       266.01      5409740           Y
          146               266.762        266.853      267.645      4772436           Y
          147               268.493        268.584      269.602      6135164           Y
          148               270.416        270.506      271.266      4579268           Y
          149               272.328        272.418      272.716      1795422           Y
          150                274.23         274.32      274.892      3444382           Y
          151               276.122        276.212      276.785      3450010           Y
          152               278.204        278.295      278.838      3269908           Y
          153               280.276        280.366      280.942      3467588           Y
          154               282.337        282.428      282.977      3308552           Y
          155               284.389        284.479      284.851      2244422           Y
          156                286.43         286.52      287.007      2926848           Y
          157               288.462        288.552       289.48      5592628           Y
          158               290.484        290.575      291.307      4413426           Y
          159               292.497        292.588      293.052      2796880           Y
          160               294.301        294.392      294.999      3660504           Y
          161               296.097        296.188      297.438      7533248           Y
          162               298.086        298.176      299.008      5010154           Y
          163               300.065        300.156      301.054      5411976           Y
          164               301.836        301.927      302.569      3869402           Y
          165                 303.8         303.89      304.612      4344394           Y
          166               305.755        305.846      306.992      6905924           Y
          167               307.702        307.793       308.78      5947576           Y
          168               309.641        309.732      310.758      6182400           Y
          169               311.572        311.663      312.737      6475082           Y
          170               313.495        313.586      314.657      6455982           Y
          171               315.411        315.502      316.118      3714282           Y
          172               317.319         317.41      318.073      3994506           Y
          173                319.22         319.31      320.009      4209008           Y
          174               321.313        321.404      322.189      4729682           Y
          175               323.398        323.489      323.796      1848218           Y
          176               325.476        325.566      325.895      1983640           Y
          177               327.545        327.636      328.062      2567612           Y
          178               329.607        329.697      330.097      2404088           Y
          179               331.661        331.752      332.167      2106070           Y
          180               333.708        333.799      334.458      2660432           Y
          181               335.748        335.838       336.42      2403346           Y
          182               337.781        337.871      338.244      1534600           Y
          183               339.606        339.697      339.908       913140           Y
          184               341.426        341.516      341.764      1110714           Y
          185                343.24         343.33      343.576      1103382           Y
          186               345.247        345.338      345.727      1653844           Y
          187               347.248        347.339       348.27      3939210           Y
          188               349.242        349.333      350.197      3738582           Y
          189                351.23        351.321      353.489      9606526           Y
          190               353.489         353.58      355.526      8941710           Y
          191               355.655        355.746      357.786      9684976           Y
          192               357.786        357.876      359.951     10111356           Y
          193               359.951        360.041      361.801      8788462           Y
          194                362.22        362.311      364.565     11637172           Y
          195               364.581        364.672       365.27      3162366           Y
          196               365.841        365.932      366.321      2076624           Y
          197               366.916        367.006      367.247      1308272           Y
          198               368.199        368.289      368.615      1768866           Y
          199               369.688        369.779      369.945       936694           Y
          200               371.382        371.473      371.693      1201910           Y
          201               373.276        373.367      373.555      1023084           Y
          202               375.368        375.458      375.704      1361640           Y
          203               377.454        377.544      377.693       830002           Y
          204               379.532        379.623       379.74       654374           Y
          205               381.603        381.694      381.798       569596           Y
          206               383.667        383.757      383.903       820790           Y
          207               385.722        385.812      385.948       764302           Y
          208               387.769        387.859      387.998       787636           Y
          209               389.808        389.898      390.059       910580           Y
          210               391.839        391.929      391.955       152604           Y
          211               393.863        393.953      394.052       547486           Y
          212               395.879        395.969      396.109       784306           Y
          213               397.888        397.978      398.108       730232           Y
          214               399.889         399.98      400.175      1078612           Y
          215               401.884        401.974      402.179      1150454           Y
          216               403.871        403.962      404.253      1633210           Y
          217               405.852        405.943      406.263      1790694           Y
          218               407.827        407.917      407.924        42398           Y
          219               409.594        409.685       409.81       707788           Y
          220               411.357        411.447        411.6       869078           Y
          221               413.313        413.404      413.725      1822590           Y
