Segment_Index Playback_Start Quality_Level
            0        2.19651             0
            1        4.19651             0
            2        6.19651             0
            3        8.19651             0
            4        10.1965             0
            5        12.1965             0
            6        14.1965             0
            7        16.1965             0
            8        18.1965             0
            9        20.1965             0
           10        22.1965             0
           11        24.1965             0
           12        26.1965             0
           13        28.1965             0
           14        30.1965             0
           15        32.1965             0
           16        34.1965             0
           17        36.1965             0
           18        38.1965             0
           19        40.1965             0
           20        42.1965             1
           21        44.1965             1
           22        46.1965             1
           23        48.1965             1
           24        50.1965             1
           25        52.1965             1
           26        54.1965             2
           27        56.1965             2
           28        58.1965             2
           29        60.1965             2
           30        62.1965             2
           31        64.1965             2
           32        66.1965             3
           33        68.1965             3
           34        70.1965             3
           35        72.1965             3
           36        74.1965             3
           37        76.1965             3
           38        78.1965             4
           39        80.1965             4
           40        82.1965             4
           41        84.1965             4
           42        86.1965             4
           43        88.1965             4
           44        90.1965             5
           45        92.1965             5
           46        94.1965             5
           47        96.1965             5
           48        98.1965             5
           49        100.197             5
           50        102.197             5
           51        104.197             5
           52        106.197             5
           53        108.197             5
           54        110.197             5
           55        112.197             5
           56        114.197             5
           57        116.197             5
           58        118.197             5
           59        120.197             5
           60        122.197             5
           61        124.197             5
           62        126.197             5
           63        128.197             5
           64        130.197             5
           65        132.197             5
           66        134.197             5
           67        136.197             5
           68        138.197             5
           69        140.197             5
           70        142.197             5
           71        144.197             5
           72        146.197             5
           73        148.197             5
           74        150.197             5
           75        152.197             5
           76        154.197             5
           77        156.197             5
           78        158.197             5
           79        160.197             5
           80        162.197             5
           81        164.197             5
           82        166.197             5
           83        168.197             5
           84        170.197             5
           85        172.197             5
           86        174.197             5
           87        176.197             5
           88        178.197             5
           89        180.197             5
           90        182.197             5
           91        184.197             5
           92        186.197             5
           93        188.197             5
           94        190.197             5
           95        192.197             6
           96        194.197             6
           97        196.197             6
           98        198.197             6
           99        200.197             6
          100        202.197             6
          101        204.197             6
          102        206.197             6
          103        208.197             6
          104        210.197             6
          105        212.197             6
          106        214.197             6
          107        216.197             6
          108        218.197             6
          109        220.197             6
          110        222.197             6
          111        224.197             6
          112        226.197             6
          113        228.197             6
          114        230.197             6
          115        232.197             6
          116        234.197             6
          117        236.197             6
          118        238.197             6
          119        240.197             6
          120        242.197             6
          121        244.197             6
          122        246.197             6
          123        248.197             6
          124        250.197             6
          125        252.197             6
          126        254.197             6
          127        256.197             6
          128        258.197             6
          129        260.197             6
          130        262.197             6
          131        264.197             6
          132        266.197             6
          133        268.197             6
          134        270.197             6
          135        272.197             7
          136        274.197             6
          137        276.197             6
          138        278.197             6
          139        280.197             6
          140        282.197             6
          141        284.197             6
          142        286.197             7
          143        288.197             6
          144        290.197             6
          145        292.197             6
          146        294.197             6
          147        296.197             6
          148        298.197             6
          149        300.197             7
          150        302.197             6
          151        304.197             6
          152        306.197             6
          153        308.197             6
          154        310.197             6
          155        312.197             6
          156        314.197             7
          157        316.197             7
          158        318.197             7
          159        320.197             7
          160        322.197             7
          161        324.197             7
          162        326.197             7
          163        328.197             7
          164        330.197             7
          165        332.197             7
          166        334.197             7
          167        336.197             7
          168        338.197             7
          169        340.197             7
          170        342.197             7
          171        344.197             7
          172        346.197             7
          173        348.197             7
          174        350.197             7
          175        352.197             7
          176        354.197             7
          177        356.197             7
          178        358.197             7
          179        360.197             7
          180        362.197             7
          181        364.197             7
          182        366.197             7
          183        368.197             7
          184        370.197             7
          185        372.197             7
          186        374.197             7
          187        376.197             7
          188        378.197             7
          189        380.197             7
          190        382.197             7
          191        384.197             7
          192        386.197             7
          193        388.197             7
          194        390.197             7
          195        392.197             7
          196        394.197             7
          197        396.197             7
          198        398.197             7
          199        400.197             7
          200        402.197             7
          201        404.197             7
          202        406.197             7
          203        408.197             7
          204        410.197             7
          205        412.197             7
          206        414.197             7
          207        416.197             7
          208        418.197             7
          209        420.197             7
          210        422.197             7
          211        424.197             7
          212        426.197             7
          213        428.197             7
          214        430.197             7
          215        432.197             7
          216        434.197             7
          217        436.197             7
          218        438.197             7
          219        440.197             7
          220        442.197             7
          221        444.197             7
