Segment_Index Rep_Level Decision_Point_Of_Time Case DelayCase
            0         0                2.10504    0         0
            1         0                2.19651    1         0
            2         0                2.46971    1         0
            3         0                 2.6579    1         0
            4         0                2.84173    1         0
            5         0                2.93768    1         0
            6         0                 3.0335    1         0
            7         0                3.12821    1         0
            8         0                3.22207    1         0
            9         0                3.31681    1         0
           10         0                  3.411    1         0
           11         0                 3.5052    1         0
           12         0                3.59888    1         0
           13         0                3.69273    1         0
           14         0                3.78554    1         0
           15         0                3.87884    1         0
           16         0                3.97369    1         0
           17         0                4.06921    1         0
           18         0                4.16424    1         0
           19         0                4.26022    1         0
           20         1                4.35596    1         1
           21         1                14.0087    3         0
           22         1                14.1177    3         1
           23         1                16.6098    3         1
           24         1                17.6642    3         1
           25         1                20.5503    3         1
           26         2                 24.058    1         0
           27         2                24.1741    3         1
           28         2                26.5513    3         1
           29         2                 29.793    3         1
           30         2                30.6692    3         1
           31         2                33.1007    3         1
           32         3                33.8164    1         1
           33         3                34.9644    3         1
           34         3                37.7912    3         1
           35         3                 41.427    3         0
           36         3                 41.542    3         1
           37         3                45.1321    3         1
           38         4                47.9274    1         1
           39         4                50.2431    3         0
           40         4                50.3801    3         1
           41         4                51.3376    3         1
           42         4                54.7486    3         1
           43         4                 55.645    3         1
           44         5                57.3849    1         1
           45         5                61.8856    3         1
           46         5                63.3492    3         1
           47         5                63.6594    3         1
           48         5                66.7146    3         1
           49         5                69.3253    3         1
           50         5                75.6725    3         0
           51         5                77.1259    3         0
           52         5                77.6727    3         0
           53         5                 80.399    3         0
           54         5                84.3052    3         0
           55         5                86.6874    3         0
           56         5                89.5392    3         0
           57         5                91.8477    3         0
           58         5                93.8915    3         0
           59         5                 95.382    3         0
           60         5                 96.139    3         0
           61         5                97.4601    3         0
           62         5                99.1176    3         0
           63         5                99.9824    3         0
           64         5                 100.81    3         1
           65         5                102.819    3         1
           66         5                104.028    3         0
           67         5                104.589    3         1
           68         5                106.896    3         1
           69         5                108.605    3         1
           70         5                110.661    3         1
           71         5                113.841    3         1
           72         5                116.047    3         1
           73         5                118.332    3         1
           74         5                 120.31    3         0
           75         5                120.403    3         1
           76         5                123.599    3         1
           77         5                125.596    3         0
           78         5                126.837    3         1
           79         5                128.435    3         1
           80         5                129.946    3         1
           81         5                131.633    3         1
           82         5                136.615    3         1
           83         5                 137.49    3         0
           84         5                138.348    3         1
           85         5                142.223    3         0
           86         5                142.814    3         1
           87         5                145.103    3         1
           88         5                148.329    3         1
           89         5                150.406    3         0
           90         5                151.515    3         1
           91         5                153.415    3         1
           92         5                157.002    3         0
           93         5                157.835    3         1
           94         5                159.789    3         0
           95         6                160.952    1         1
           96         6                165.101    3         0
           97         6                166.799    3         0
           98         6                168.624    3         0
           99         6                169.808    3         1
          100         6                173.653    3         0
          101         6                175.855    3         0
          102         6                177.093    3         0
          103         6                177.792    3         1
          104         6                179.146    3         1
          105         6                182.482    3         1
          106         6                183.806    3         0
          107         6                185.031    3         1
          108         6                186.837    3         1
          109         6                 191.22    3         0
          110         6                192.204    3         0
          111         6                192.741    3         1
          112         6                196.534    3         0
          113         6                196.748    3         0
          114         6                196.944    3         1
          115         6                198.459    3         1
          116         6                204.205    3         0
          117         6                 204.73    3         1
          118         6                207.223    3         1
          119         6                209.772    3         1
          120         6                212.476    3         1
          121         6                214.887    3         0
          122         6                215.508    3         1
          123         6                218.051    3         0
          124         6                218.334    3         1
          125         6                222.335    3         1
          126         6                225.111    3         1
          127         6                226.384    3         0
          128         6                227.232    3         1
          129         6                228.544    3         1
          130         6                229.411    3         1
          131         6                230.944    3         1
          132         6                236.511    3         0
          133         6                237.272    3         1
          134         6                239.385    3         1
          135         7                240.195    1         1
          136         6                244.475    1         0
          137         6                244.798    3         1
          138         6                246.259    3         1
          139         6                250.645    3         0
          140         6                251.358    3         1
          141         6                253.032    3         1
          142         7                 254.17    1         1
          143         6                256.478    1         1
          144         6                259.974    3         0
          145         6                260.831    3         0
          146         6                261.695    3         1
          147         6                265.135    3         1
          148         6                266.281    3         1
          149         7                268.796    1         0
          150         6                269.375    1         1
          151         6                271.027    3         1
          152         6                273.969    3         1
          153         6                275.552    3         1
          154         6                279.875    3         0
          155         6                280.417    3         1
          156         7                284.311    1         1
          157         7                 285.74    3         0
          158         7                287.397    3         1
          159         7                291.044    3         1
          160         7                293.114    3         1
          161         7                295.251    3         1
          162         7                298.109    3         0
          163         7                299.614    3         1
          164         7                301.929    3         0
          165         7                303.148    3         0
          166         7                 304.47    3         1
          167         7                306.904    3         0
          168         7                308.577    3         0
          169         7                310.233    3         1
          170         7                312.739    3         1
          171         7                315.271    3         0
          172         7                316.475    3         1
          173         7                318.595    3         0
          174         7                319.874    3         1
          175         7                322.604    3         1
          176         7                324.836    3         0
          177         7                325.503    3         0
          178         7                326.456    3         1
          179         7                328.281    3         1
          180         7                 332.74    3         0
          181         7                333.706    3         0
          182         7                334.561    3         1
          183         7                335.229    3         1
          184         7                337.603    3         1
          185         7                339.101    3         1
          186         7                341.783    3         1
          187         7                343.583    3         1
          188         7                347.864    3         0
          189         7                348.969    3         1
          190         7                354.584    3         0
          191         7                356.818    3         0
          192         7                359.223    3         0
          193         7                361.787    3         0
          194         7                363.836    3         0
          195         7                366.556    3         0
          196         7                368.512    3         0
          197         7                 369.78    3         0
          198         7                370.611    3         0
          199         7                371.609    3         1
          200         7                372.507    3         0
          201         7                373.309    3         1
          202         7                 374.44    3         1
          203         7                378.676    3         0
          204         7                379.145    3         1
          205         7                382.476    3         0
          206         7                 382.85    3         0
          207         7                383.296    3         1
          208         7                386.391    3         1
          209         7                389.191    3         1
          210         7                389.936    3         1
          211         7                391.331    3         1
          212         7                395.962    3         1
          213         7                396.833    3         1
          214         7                398.143    3         1
          215         7                 402.89    3         0
          216         7                403.741    3         1
          217         7                405.844    3         0
          218         7                406.671    3         1
          219         7                406.977    3         1
          220         7                412.149    3         0
          221         7                413.057    3         1
