Segment_Index Playback_Start Quality_Level
            0        2.19651             0
            1        4.19651             0
            2        6.19651             0
            3        8.19651             0
            4        10.1965             0
            5        12.1965             0
            6        14.1965             0
            7        16.1965             0
            8        18.1965             0
            9        20.1965             0
           10        22.1965             0
           11        24.1965             0
           12        26.1965             0
           13        28.1965             0
           14        30.1965             0
           15        32.1965             0
           16        34.1965             0
           17        36.1965             0
           18        38.1965             0
           19        40.1965             0
           20        42.1965             1
           21        44.1965             1
           22        46.1965             1
           23        48.1965             1
           24        50.1965             1
           25        52.1965             1
           26        54.1965             2
           27        56.1965             2
           28        58.1965             2
           29        60.1965             2
           30        62.1965             2
           31        64.1965             2
           32        66.1965             3
           33        68.1965             3
           34        70.1965             3
           35        72.1965             3
           36        74.1965             3
           37        76.1965             3
           38        78.1965             4
           39        80.1965             4
           40        82.1965             4
           41        84.1965             4
           42        86.1965             4
           43        88.1965             4
           44        90.1965             5
           45        92.1965             5
           46        94.1965             5
           47        96.1965             5
           48        98.1965             5
           49        100.197             5
           50        102.197             6
           51        104.197             6
           52        106.197             6
           53        108.197             6
           54        110.197             6
           55        112.197             6
           56        114.197             7
           57        116.197             6
           58        118.197             6
           59        120.197             6
           60        122.197             6
           61        124.197             6
           62        126.197             6
           63        128.197             7
           64        130.197             7
           65        132.197             7
           66        134.197             7
           67        136.197             7
           68        138.197             7
           69        140.197             7
           70        142.197             7
           71        144.197             7
           72        146.197             7
           73        148.197             7
           74        150.197             7
           75        152.197             7
           76        154.197             7
           77        156.197             7
           78        158.197             7
           79        160.197             7
           80        162.197             7
           81        164.197             7
           82        166.197             7
           83        168.197             7
           84        170.197             7
           85        172.197             7
           86        174.197             7
           87        176.197             7
           88        178.197             7
           89        180.197             7
           90        182.197             7
           91        184.197             7
           92        186.197             7
           93        188.197             7
           94        190.197             7
           95        192.197             7
           96        194.197             7
           97        196.197             7
           98        198.197             7
           99        200.197             7
          100        202.197             7
          101        204.197             7
          102        206.197             7
          103        208.197             7
          104        210.197             7
          105        212.197             7
          106        214.197             7
          107        216.197             7
          108        218.197             7
          109        220.197             7
          110        222.197             7
          111        224.197             7
          112        226.197             7
          113        228.197             7
          114        230.197             7
          115        232.197             7
          116        234.197             7
          117        236.197             7
          118        238.197             7
          119        240.197             7
          120        242.197             7
          121        244.197             7
          122        246.197             7
          123        248.197             7
          124        250.197             7
          125        252.197             7
          126        254.197             7
          127        256.197             7
          128        258.197             7
          129        260.197             7
          130        262.197             7
          131        264.197             7
          132        266.197             7
          133        268.197             7
          134        270.197             7
          135        272.197             7
          136        274.197             7
          137        276.197             7
          138        278.197             7
          139        280.197             7
          140        282.197             7
          141        284.197             7
          142        286.197             7
          143        288.197             7
          144        290.197             7
          145        292.197             7
          146        294.197             7
          147        296.197             7
          148        298.197             7
          149        300.197             7
          150        302.197             7
          151        304.197             7
          152        306.197             7
          153        308.197             7
          154        310.197             7
          155        312.197             7
          156        314.197             7
          157        316.197             7
          158        318.197             7
          159        320.197             7
          160        322.197             7
          161        324.197             7
          162        326.197             7
          163        328.197             7
          164        330.197             7
          165        332.197             7
          166        334.197             7
          167        336.197             7
          168        338.197             7
          169        340.197             7
          170        342.197             7
          171        344.197             7
          172        346.197             7
          173        348.197             7
          174        350.197             7
          175        352.197             7
          176        354.197             7
          177        356.197             7
          178        358.197             7
          179        360.197             7
          180        362.197             7
          181        364.197             7
          182        366.197             7
          183        368.197             7
          184        370.197             7
          185        372.197             7
          186        374.197             7
          187        376.197             7
          188        378.197             7
          189        380.197             7
          190        382.197             7
          191        384.197             7
          192        386.197             7
          193        388.197             7
          194        390.197             7
          195        392.197             7
          196        394.197             7
          197        396.197             7
          198        398.197             7
          199        400.197             7
          200        402.197             7
          201        404.197             7
          202        406.197             7
          203        408.197             7
          204        410.197             7
          205        412.197             7
          206        414.197             7
          207        416.197             7
          208        418.197             7
          209        420.197             7
          210        422.197             7
          211        424.197             7
          212        426.197             7
          213        428.197             7
          214        430.197             7
          215        432.197             7
          216        434.197             7
          217        436.197             7
          218        438.197             7
          219        440.197             7
          220        442.197             7
          221        444.197             7
