Segment_Index Rep_Level Decision_Point_Of_Time Case DelayCase
            0         0                2.10513    0         0
            1         0                2.19869    1         0
            2         0                2.47923    1         0
            3         0                2.69906    1         0
            4         0                2.89148    1         0
            5         0                3.02848    1         0
            6         0                3.16573    1         0
            7         0                 3.2924    1         0
            8         0                3.40983    1         0
            9         0                 3.5347    1         0
           10         0                3.65254    1         0
           11         0                3.77473    1         0
           12         0                3.89287    1         0
           13         0                4.01055    1         0
           14         0                4.11926    1         0
           15         0                4.23096    1         0
           16         0                4.35806    1         0
           17         0                4.48347    1         0
           18         0                4.61396    1         0
           19         0                 4.7508    1         0
           20         1                4.88593    1         1
           21         1                14.0934    3         0
           22         1                14.3531    3         1
           23         1                16.7385    3         1
           24         1                17.7704    3         1
           25         1                20.6369    3         1
           26         2                24.1378    1         0
           27         2                  24.55    3         1
           28         2                28.9306    3         1
           29         2                30.7935    3         0
           30         2                31.6427    3         1
           31         2                33.5553    3         1
           32         3                34.2838    1         1
           33         3                36.0387    3         1
           34         3                38.2559    3         1
           35         3                42.0757    3         0
           36         3                42.4872    3         1
           37         3                45.5099    3         1
           38         3                48.2365    3         1
           39         3                50.5292    3         0
           40         3                50.9377    3         1
           41         3                51.6754    3         1
           42         3                55.0792    3         1
           43         3                 55.971    3         1
           44         3                57.6629    3         1
           45         3                62.0202    3         1
           46         3                63.5002    3         0
           47         3                63.8708    3         1
           48         4                66.8675    1         1
           49         3                69.8139    1         1
           50         3                71.7893    3         1
           51         3                72.9216    3         1
           52         3                74.3579    3         1
           53         3                75.0512    3         1
           54         3                77.2518    3         1
           55         4                81.8333    1         1
           56         4                84.1545    3         0
           57         4                85.9173    3         1
           58         4                88.7766    3         1
           59         4                91.3576    3         1
           60         4                92.3524    3         0
           61         4                93.5114    3         1
           62         4                96.3325    3         0
           63         4                 97.183    3         1
           64         4                 98.569    3         1
           65         4                102.998    3         1
           66         4                104.095    3         0
           67         4                104.671    3         1
           68         4                107.014    3         1
           69         4                 108.73    3         1
           70         5                110.746    1         1
           71         4                115.343    1         1
           72         4                116.135    3         1
           73         4                118.401    3         1
           74         4                120.424    3         0
           75         4                120.526    3         1
           76         4                123.869    3         1
           77         4                125.956    3         0
           78         4                127.734    3         0
           79         4                 129.33    3         0
           80         4                130.958    3         0
           81         4                132.705    3         1
           82         4                137.059    3         0
           83         4                138.252    3         0
           84         4                  139.6    3         1
           85         4                142.689    3         0
           86         4                143.694    3         1
           87         4                145.481    3         1
           88         4                148.699    3         1
           89         4                150.957    3         0
           90         4                152.656    3         0
           91         4                154.137    3         1
           92         4                157.866    3         0
           93         4                159.232    3         0
           94         4                160.347    3         0
           95         5                162.277    1         1
           96         5                165.443    3         0
           97         5                168.124    3         0
           98         5                171.294    3         0
           99         5                173.139    3         0
          100         5                175.856    3         0
          101         5                 179.17    3         0
          102         5                181.202    3         0
          103         5                182.515    3         0
          104         5                183.894    3         0
          105         5                185.353    3         0
          106         5                187.044    3         0
          107         5                189.345    3         0
          108         5                191.413    3         0
          109         5                193.695    3         0
          110         5                195.218    3         0
          111         5                196.193    3         0
          112         5                196.998    3         0
          113         5                197.407    3         0
          114         5                197.768    3         1
          115         4                198.637    1         1
          116         4                204.281    3         0
          117         4                204.878    3         1
          118         4                207.293    3         1
          119         4                209.971    3         1
          120         4                212.697    3         1
          121         5                215.217    1         0
          122         4                216.604    1         1
          123         4                218.192    3         0
          124         4                218.568    3         1
          125         4                 222.81    3         1
          126         4                225.566    3         0
          127         4                226.971    3         0
          128         5                228.315    1         0
          129         4                230.462    1         0
          130         4                231.564    3         0
          131         4                232.493    3         1
          132         4                236.719    3         0
          133         4                237.662    3         1
          134         4                239.422    3         1
          135         5                240.124    1         1
          136         4                244.483    1         0
          137         4                 245.69    3         1
          138         4                247.346    3         1
          139         4                251.373    3         0
          140         4                252.705    3         0
          141         4                 253.47    3         0
          142         4                254.642    3         0
          143         4                256.414    3         1
          144         4                260.399    3         0
          145         4                261.615    3         0
          146         4                  262.8    3         1
          147         4                265.416    3         0
          148         4                266.682    3         1
          149         4                268.938    3         0
          150         4                269.431    3         1
          151         4                271.247    3         1
          152         4                 274.06    3         1
          153         4                275.769    3         1
          154         4                280.084    3         0
          155         4                280.773    3         1
          156         4                284.416    3         1
          157         4                 285.33    3         0
          158         5                286.556    1         1
          159         4                291.631    1         1
          160         4                292.811    3         1
          161         4                294.926    3         1
          162         4                297.386    3         1
          163         4                298.487    3         1
          164         4                301.108    3         0
          165         5                301.913    1         0
          166         4                303.391    1         1
          167         4                306.252    3         1
          168         4                308.028    3         1
          169         4                 309.55    3         1
          170         4                311.762    3         1
          171         4                313.829    3         0
          172         5                314.448    1         1
          173         4                318.689    1         0
          174         4                319.376    3         1
          175         4                321.725    3         1
          176         4                324.631    3         0
          177         4                325.041    3         0
          178         4                325.511    3         1
          179         5                327.691    1         1
          180         4                332.547    1         0
          181         4                332.911    3         1
          182         4                333.949    3         1
          183         4                334.918    3         1
          184         4                337.542    3         1
          185         4                339.049    3         1
          186         5                341.696    1         1
          187         4                343.627    1         1
          188         4                347.391    3         1
          189         4                348.026    3         1
          190         4                353.942    3         0
          191         4                355.643    3         0
          192         4                357.441    3         0
          193         5                359.256    1         0
          194         4                362.535    1         0
          195         4                364.602    3         0
          196         4                366.049    3         0
          197         4                367.038    3         1
          198         4                367.685    3         1
          199         4                 370.32    3         1
          200         5                372.442    1         0
          201         4                373.529    1         1
          202         4                374.289    3         1
          203         4                378.625    3         0
          204         4                379.133    3         1
          205         4                382.458    3         0
          206         4                382.815    3         0
          207         5                383.297    1         1
          208         4                386.647    1         1
          209         4                389.194    3         1
          210         4                389.911    3         1
          211         4                 391.32    3         1
          212         4                395.872    3         1
          213         4                396.718    3         1
          214         5                398.018    1         1
          215         4                403.118    1         0
          216         4                403.738    3         1
          217         4                405.627    3         0
          218         4                  406.5    3         1
          219         4                406.971    3         1
          220         4                411.925    3         0
          221         4                412.323    3         1
