Segment_Index Download_Request_Sent Download_Start Download_End Segment_Size Download_OK
            0               2.10513        2.19718      2.19869         3128           Y
            1               2.19869        2.29024      2.47923        44788           Y
            2               2.47923        2.57075      2.69906        83412           Y
            3               2.69906        2.79061      2.89148        92274           Y
            4               2.89148        2.98304      3.02848        56210           Y
            5               3.02848           3.12      3.16573        56494           Y
            6               3.16573        3.25728       3.2924        43658           Y
            7                3.2924          3.384      3.40983        32596           Y
            8               3.40983        3.50135       3.5347        41642           Y
            9                3.5347        3.62621      3.65254        33180           Y
           10               3.65254        3.74405      3.77473        38444           Y
           11               3.77473        3.86624      3.89287        33376           Y
           12               3.89287        3.98442      4.01055        32942           Y
           13               4.01055        4.10206      4.11926        22196           Y
           14               4.11926        4.21081      4.23096        25740           Y
           15               4.23096        4.32252      4.35806        44300           Y
           16               4.35806        4.44958      4.48347        42024           Y
           17               4.48347        4.57503      4.61396        48390           Y
           18               4.61396        4.70551       4.7508        56032           Y
           19                4.7508        4.84231      4.88593        54032           Y
           20               13.9098        14.0012      14.0934       112556           Y
           21               14.0934        14.1849      14.3531       204056           Y
           22               16.5063        16.5978      16.7385       170788           Y
           23               17.5622        17.6536      17.7704       142026           Y
           24               20.4514        20.5428      20.6369       114824           Y
           25               23.9605        24.0519      24.1378       104946           Y
           26               24.1378        24.2293        24.55       288064           Y
           27               26.4386          26.53      28.9306       280296           Y
           28               29.6822        29.7736      30.7935       259990           Y
           29               30.7935         30.885      31.6427       260812           Y
           30               32.9966         33.088      33.5553       180962           Y
           31                33.709        33.8004      34.2838       219144           Y
           32               34.8302        34.9216      36.0387       544846           Y
           33               37.6789        37.7703      38.2559       282550           Y
           34               41.3014        41.3929      42.0757       429728           Y
           35               42.0757        42.1673      42.4872       231128           Y
           36               45.0185        45.1099      45.5099       288106           Y
           37               47.8156        47.9071      48.2365       259568           Y
           38               50.1096         50.201      50.5292       267158           Y
           39               50.5292        50.6208      50.9377       262252           Y
           40               51.1935        51.2849      51.6754       320112           Y
           41               54.6034        54.6949      55.0792       325766           Y
           42               55.4962        55.5876       55.971       337610           Y
           43               57.2427        57.3341      57.6629       311068           Y
           44                61.733        61.8244      62.0202       183118           Y
           45               63.1774        63.2688      63.5002       228512           Y
           46               63.5002        63.5917      63.8708       268660           Y
           47               66.5336        66.6251      66.8675       250930           Y
           48               69.0252        69.1166      69.8139       717554           Y
           49               71.4957        71.5871      71.7893       216892           Y
           50                72.685        72.7765      72.9216       162990           Y
           51               74.2193        74.3108      74.3579        58192           Y
           52                74.565        74.6564      75.0512       434928           Y
           53               76.4758        76.5672      77.2518       780428           Y
           54                81.066        81.1574      81.8333       806510           Y
           55               82.3008        82.3922      84.1545      2125048           Y
           56               84.1545        84.2461      85.9173      2015250           Y
           57               87.1808        87.2722      88.7766      1814240           Y
           58               90.0238        90.1153      91.3576      1498414           Y
           59               91.7211        91.8125      92.3524       651980           Y
           60               92.3524        92.4439      93.5114      1287846           Y
           61               94.8217        94.9133      96.3325      1711582           Y
           62               96.3325        96.4241       97.183       915990           Y
           63               97.6542        97.7457       98.569       993484           Y
           64               101.785        101.876      102.998      1352482           Y
           65                 103.3        103.392      104.095       848530           Y
           66               104.095        104.186      104.671       585962           Y
           67               106.605        106.696      107.014       383728           Y
           68                 108.4        108.492       108.73       287802           Y
           69               109.535        109.626      110.746      1350204           Y
           70               112.633        112.724      115.343      3157680           Y
           71               115.395        115.487      116.135       782468           Y
           72               117.423        117.514      118.401      1070150           Y
           73                119.93        120.021      120.424       486094           Y
           74               120.424        120.515      120.526        14296           Y
           75               122.957        123.048      123.869       989948           Y
           76               124.392        124.483      125.956      1776506           Y
           77               125.956        126.048      127.734      2033208           Y
           78               127.734        127.826       129.33      1814206           Y
           79                129.33        129.422      130.958      1852666           Y
           80               130.958        131.049      132.705      1996606           Y
           81               135.778         135.87      137.059      1434576           Y
           82               137.059        137.151      138.252      1328280           Y
           83               138.252        138.343        139.6      1515308           Y
           84               141.538         141.63      142.689      1278040           Y
           85               142.689        142.781      143.694      1102240           Y
           86               144.448        144.539      145.481      1136032           Y
           87               147.577        147.669      148.699      1242512           Y
           88               149.538        149.629      150.957      1601626           Y
           89               150.957        151.049      152.656      1937714           Y
           90               152.656        152.747      154.137      1676352           Y
           91               155.845        155.936      157.866      2326452           Y
           92               157.866        157.957      159.232      1536728           Y
           93               159.232        159.323      160.347      1235472           Y
           94               160.347        160.439      162.277      2217278           Y
           95               163.966        164.057      165.443      1670978           Y
           96               165.443        165.534      168.124      3121956           Y
           97               168.124        168.216      171.294      3711576           Y
           98               171.294        171.386      173.139      2113830           Y
           99               173.139        173.231      175.856      3165496           Y
          100               175.856        175.948       179.17      3884196           Y
          101                179.17        179.262      181.202      2339512           Y
          102               181.202        181.294      182.515      1472964           Y
          103               182.515        182.606      183.894      1552708           Y
          104               183.894        183.985      185.353      1649486           Y
          105               185.353        185.444      187.044      1928648           Y
          106               187.044        187.135      189.345      2664290           Y
          107               189.345        189.437      191.413      2382926           Y
          108               191.413        191.505      193.695      2641274           Y
          109               193.695        193.787      195.218      1726200           Y
          110               195.218         195.31      196.193      1066390           Y
          111               196.193        196.285      196.998       861156           Y
          112               196.998         197.09      197.407       383238           Y
          113               197.407        197.498      197.768       325736           Y
          114               198.251        198.343      198.637       355820           Y
          115               203.989        204.081      204.281       243370           Y
          116               204.281        204.373      204.878       609564           Y
          117               206.501        206.592      207.293       846388           Y
          118               208.851        208.942      209.971      1241018           Y
          119               211.902        211.993      212.697       849472           Y
          120               214.058         214.15      215.217      1287740           Y
          121               215.217        215.309      216.604      1562956           Y
          122               217.548        217.639      218.192       667334           Y
          123               218.192        218.283      218.568       344224           Y
          124               221.101        221.193       222.81      1950346           Y
          125               224.133        224.224      225.566      1618930           Y
          126               225.566        225.658      226.971      1583354           Y
          127               226.971        227.062      228.315      1510930           Y
          128               228.315        228.406      230.462      2479116           Y
          129               230.462        230.554      231.564      1218834           Y
          130               231.564        231.656      232.493      1009640           Y
          131               235.938         236.03      236.719       832688           Y
          132               236.719        236.811      237.662      1026946           Y
          133               238.639         238.73      239.422       835284           Y
          134               239.475        239.566      240.124       674002           Y
          135               242.989        243.081      244.483      1649440           Y
          136               244.483        244.574       245.69       447766           Y
          137               245.769        245.861      247.346       750858           Y
          138                249.97        250.062      251.373       816138           Y
          139               251.373        251.464      252.705       913214           Y
          140               252.705        252.797       253.47       549862           Y
          141                253.47        253.562      254.642       963196           Y
          142               254.642        254.734      256.414      1665542           Y
          143               259.091        259.182      260.399      1346368           Y
          144               260.399         260.49      261.615      1341050           Y
          145               261.615        261.706        262.8      1319788           Y
          146               264.365        264.456      265.416      1158838           Y
          147               265.416        265.508      266.682      1415672           Y
          148               268.078         268.17      268.938       927420           Y
          149               268.938         269.03      269.431       484348           Y
          150               270.494        270.586      271.247       798722           Y
          151               273.421        273.512       274.06       660962           Y
          152                275.02        275.111      275.769       794788           Y
          153               279.326        279.418      280.084       804462           Y
          154               280.084        280.176      280.773       721140           Y
          155               283.922        284.014      284.416       486548           Y
          156               284.743        284.835       285.33       597914           Y
          157                285.33        285.421      286.556      1368330           Y
          158               289.793        289.884      291.631      2106386           Y
          159                292.17        292.262      292.811       662344           Y
          160               294.147        294.239      294.926       829650           Y
          161               295.866        295.958      297.386      1722928           Y
          162               297.393        297.484      298.487      1209426           Y
          163                300.15        300.242      301.108      1046072           Y
          164               301.108          301.2      301.913       860692           Y
          165               301.913        302.005      303.391      1672490           Y
          166               304.941        305.032      306.252      1471654           Y
          167               306.836        306.927      308.028      1328104           Y
          168               308.239        308.331       309.55      1470408           Y
          169               310.712        310.804      311.762      1155658           Y
          170               312.973        313.064      313.829       923144           Y
          171               313.829        313.921      314.448       636330           Y
          172               317.451        317.542      318.689      1383444           Y
          173               318.689        318.781      319.376       718670           Y
          174               321.056        321.148      321.725       696622           Y
          175               324.196        324.288      324.631       414728           Y
          176               324.631        324.722      325.041       384730           Y
          177               325.041        325.132      325.511       457902           Y
          178               327.306        327.397      327.691       355580           Y
          179               331.956        332.047      332.547       603632           Y
          180               332.547        332.638      332.911       330582           Y
          181               333.602        333.693      333.949       309736           Y
          182               334.661        334.752      334.918       201442           Y
          183               337.311        337.402      337.542       169954           Y
          184               338.729        338.821      339.049       276514           Y
          185               341.406        341.498      341.696       239632           Y
          186               343.034        343.125      343.627       605806           Y
          187               346.757        346.849      347.391       654422           Y
          188               347.442        347.534      348.026       595154           Y
          189               352.111        352.202      353.942      2097618           Y
          190               353.942        354.033      355.643      1940922           Y
          191               355.643        355.735      357.441      2057210           Y
          192               357.441        357.532      359.256      2078328           Y
          193               359.256        359.347      362.535      3843068           Y
          194               362.535        362.627      364.602      2381974           Y
          195               364.602        364.694      366.049      1634170           Y
          196               366.049        366.141      367.038      1083096           Y
          197               367.051        367.142      367.685       655162           Y
          198               369.489        369.581       370.32       892450           Y
          199               371.917        372.009      372.442       523218           Y
          200               372.442        372.533      373.529      1201910           Y
          201               373.746        373.838      374.289       544830           Y
          202               377.883        377.974      378.625       785478           Y
          203               378.625        378.716      379.133       503244           Y
          204               382.046        382.137      382.458       388446           Y
          205               382.458         382.55      382.815       321488           Y
          206               382.815        382.907      383.297       471416           Y
          207               385.923        386.014      386.647       764302           Y
          208                388.73        388.821      389.194       449990           Y
          209               389.405        389.496      389.911       500632           Y
          210               391.163        391.254       391.32        80508           Y
          211               395.538        395.629      395.872       294050           Y
          212               396.291        396.382      396.718       405442           Y
          213               397.625        397.717      398.018       364588           Y
          214               402.133        402.224      403.118      1078612           Y
          215               403.118         403.21      403.738       637698           Y
          216               404.833        404.924      405.627       848614           Y
          217               405.627        405.719        406.5       942380           Y
          218               406.863        406.955      406.971        20648           Y
          219                411.56        411.651      411.925       331500           Y
          220               411.925        412.016      412.323       370406           Y
          221               414.877        414.968      415.673       850512           Y
