Segment_Index Download_Request_Sent Download_Start Download_End Segment_Size Download_OK
            0               2.10505        2.19604       2.1966         3128           Y
            1                2.1966        2.28715      2.47016        44788           Y
            2               2.47016        2.56069      2.65921        83412           Y
            3               2.65921        2.74986      2.84299        92274           Y
            4               2.84299         2.9335      2.94326        56210           Y
            5               2.94326        3.03395      3.04323        56494           Y
            6               3.04323        3.13381      3.14117        43658           Y
            7               3.14117        3.23176      3.23718        32596           Y
            8               3.23718        3.32777       3.3348        41642           Y
            9                3.3348        3.42534      3.43116        33180           Y
           10               3.43116        3.52173      3.52818        38444           Y
           11               3.52818        3.61873      3.62459        33376           Y
           12               3.62459        3.71512      3.72053        32942           Y
           13               3.72053        3.81106      3.81467        22196           Y
           14               3.81467        3.90533      3.90971        25740           Y
           15               3.90971        4.00023      4.00756        44300           Y
           16               4.00756        4.09811      4.10508        42024           Y
           17               4.10508        4.19564      4.20385        48390           Y
           18               4.20385        4.29437      4.30377        56032           Y
           19               4.30377        4.39436      4.40355        54032           Y
           20               13.9077        13.9981      14.0168       112556           Y
           21               14.0168        14.1073      14.1413       204056           Y
           22               16.5042        16.5947      16.6234       170788           Y
           23               17.5601        17.6505       17.674       142026           Y
           24               20.4493        20.5397      20.5588       114824           Y
           25               23.9584        24.0488      24.0661       104946           Y
           26               24.0661        24.1567      24.2047       288064           Y
           27               26.4365        26.5269      26.5737       280296           Y
           28               29.6801        29.7705      29.8138       259990           Y
           29               30.5555        30.6459      30.6895       260812           Y
           30               32.9945        33.0849      33.1151       180962           Y
           31               33.7069        33.7973      33.8342       219144           Y
           32               34.8281        34.9185      35.0092       544846           Y
           33               37.6768        37.7672      37.8141       282550           Y
           34               41.2993        41.3898      41.4612       429728           Y
           35               41.4612        41.5517      41.5901       231128           Y
           36               45.0164        45.1068      45.1545       288106           Y
           37               47.8136         47.904      47.9471       259568           Y
           38               50.1075        50.1979      50.2857       529286           Y
           39               50.2857        50.3764      50.4621       515898           Y
           40               51.1914        51.2818      51.3914       660316           Y
           41               54.6014        54.6918       54.803       669498           Y
           42               55.4941        55.5845      55.7037       717700           Y
           43               57.2406         57.331      57.4377       643228           Y
           44               61.7309        61.8213      61.9489       769760           Y
           45               63.1753        63.2657      63.4868       998702           Y
           46               63.4868        63.5773      64.4953      1138672           Y
           47               66.5315         66.622      67.4537      1103682           Y
           48               69.0231        69.1135      70.1327      1441186           Y
           49               71.4936         71.584      72.3425      1162574           Y
           50               72.6829        72.7734      73.2328       701398           Y
           51               74.2172        74.3077      74.4217       267270           Y
           52               74.5629        74.6533      75.8444      1911638           Y
           53               76.4737        76.5641      78.7585      3809514           Y
           54               81.0639        81.1543      82.6989      2908998           Y
           55               82.6989        82.7895      84.8063      4124046           Y
           56               84.8063        84.8969      86.5785      3757420           Y
           57               87.1787        87.2691      88.8287      3646514           Y
           58               90.0217        90.1122      91.2531      2863936           Y
           59                91.719        91.8094      92.3662      1413148           Y
           60               92.3662        92.4567      93.5001      2735758           Y
           61               94.8196        94.9101        96.23      3605436           Y
           62                 96.23        96.3205      96.9942      1927798           Y
           63               97.6522        97.7426      98.3845      1810158           Y
           64               101.783        101.873       102.72      2468234           Y
           65               103.298        103.389      103.944      1644128           Y
           66               103.944        104.035      104.439      1283582           Y
           67               106.603        106.693      106.894       645554           Y
           68               108.398        108.489      108.614       476182           Y
           69               109.533        109.623      110.552      2849792           Y
           70                112.63        112.721      113.726      3157680           Y
           71               115.393        115.484      115.983      1655086           Y
           72               117.421        117.511      118.254      2422030           Y
           73               119.928        120.018      120.592      1923896           Y
           74               120.592        120.683      120.686        21740           Y
           75               122.955        123.045      123.534      1672964           Y
           76                124.39         124.48      125.485      3429076           Y
           77               125.485        125.576      126.607      3619938           Y
           78                127.29         127.38      128.356      3495936           Y
           79               128.699         128.79      129.827      3793936           Y
           80               130.494        130.585      131.549      3642068           Y
           81               135.776        135.867      136.547      2613222           Y
           82                136.72         136.81      137.455      2477740           Y
           83               137.455        137.546      138.272      2844468           Y
           84               141.536        141.627      142.191      2238952           Y
           85               142.191        142.281      142.745      1856964           Y
           86               144.446        144.536      145.044      2104104           Y
           87               147.575        147.666      148.283      2565686           Y
           88               149.536        149.626      150.391      3164702           Y
           89               150.391        150.482      151.436      4017534           Y
           90               152.581        152.671      153.364      2964310           Y
           91               155.843        155.933      156.952      4405610           Y
           92               156.952        157.043      157.736      3078792           Y
           93               159.097        159.187      159.779      2660794           Y
           94               159.779        159.869      160.882      4577932           Y
           95               163.964        164.054      165.041      4534484           Y
           96               165.041        165.132      166.655      7127392           Y
           97               166.655        166.746      168.411      7978342           Y
           98               168.411        168.502      169.556      5155032           Y
           99               171.883        171.973      173.583      8009532           Y
          100               173.583        173.673      175.706     10367848           Y
          101                175.77         175.86      176.975      5836330           Y
          102                177.08         177.17      177.761      3131786           Y
          103                178.25         178.34       179.11      4112218           Y
          104               181.501        181.592      182.462      4706564           Y
          105               182.803        182.894      183.779      4846722           Y
          106               183.779         183.87      184.977      6111416           Y
          107               185.694        185.785      186.779      5587704           Y
          108               189.804        189.894      191.187      7334824           Y
          109               191.187        191.278      192.129      4916198           Y
          110               192.197        192.288      192.719      2488000           Y
          111               196.102        196.192      196.538      2005750           Y
          112               196.538        196.629      196.761       770086           Y
          113               196.761        196.852      196.961       641594           Y
          114               198.249         198.34      198.466       747634           Y
          115               203.987        204.078      204.233       920510           Y
          116               204.233        204.324      204.758      2547680           Y
          117               206.498        206.589      207.224      3729996           Y
          118               208.849        208.939       209.75      4815334           Y
          119                 211.9         211.99      212.465      2843380           Y
          120               214.056        214.146      214.882      4299244           Y
          121               214.882        214.972      215.505      3195050           Y
          122               217.546        217.636      218.008      2242844           Y
          123               218.008        218.099      218.292      1165214           Y
          124               221.099         221.19      222.319      6800018           Y
          125                224.13        224.221      225.062      5045272           Y
          126               225.487        225.577      226.411      5010970           Y
          127               226.411        226.501      227.284      4716982           Y
          128               227.624        227.714      228.551      5041212           Y
          129               228.626        228.717      229.451      4422072           Y
          130                230.27        230.361      230.986      3766422           Y
          131               235.936        236.026      236.551      3155806           Y
          132               236.551        236.641       237.33      4153232           Y
          133               238.636        238.727      239.436      4274608           Y
          134               239.472        239.563      240.211      3903466           Y
          135               242.987        243.078      243.774      4194944           Y
          136               243.774        243.865      244.408      3271160           Y
          137               245.767        245.858      246.317      2766674           Y
          138               249.968        250.059      250.711      3932322           Y
          139               250.711        250.802      251.499      4199492           Y
          140               252.638        252.729      253.079      2107740           Y
          141               253.452        253.542      254.226      4117966           Y
          142               254.239        254.329      255.485      6963336           Y
          143               259.089        259.179      261.147     11854134           Y
          144               261.147        261.238      262.119      5305968           Y
          145               262.119        262.209      263.107      5409740           Y
          146               264.362        264.453      265.245      4772436           Y
          147               265.306        265.397      266.415      6135164           Y
          148               268.076        268.167      268.931      4579268           Y
          149               268.931        269.021      269.319      1795422           Y
          150               270.492        270.583      271.765      7124672           Y
          151               273.419        273.509      274.082      3450010           Y
          152               275.017        275.108      275.651      3269908           Y
          153               279.324        279.415       279.99      3467588           Y
          154                279.99        280.081       280.63      3308552           Y
          155                283.92         284.01      284.383      2244422           Y
          156               284.741        284.832      285.318      2926848           Y
          157               285.318        285.408      287.382     11893712           Y
          158                289.79        289.881      290.613      4413426           Y
          159               292.168        292.259      292.723      2796880           Y
          160               294.145        294.236      294.843      3660504           Y
          161               295.864        295.955      297.205      7533248           Y
          162               297.391        297.481      298.621      5010154           Y
          163               300.148        300.238       301.55      5411976           Y
          164                301.55         301.64      302.556      3869402           Y
          165               302.556        302.647       303.66      4344394           Y
          166               304.939        305.029      306.601      6905924           Y
          167               306.834        306.924       308.24      5947576           Y
          168                308.24        308.331      309.669      6182400           Y
          169                310.71        310.801      312.178      6475082           Y
          170               312.971        313.061      314.402      6455982           Y
          171               314.402        314.492      315.251      3714282           Y
          172               317.449        317.539      318.348      3994506           Y
          173               318.496        318.586      319.453      4209008           Y
          174               321.054        321.145      322.077      4729682           Y
          175               324.194        324.285       324.64      1848218           Y
          176                324.64         324.73      325.116      1983640           Y
          177               325.116        325.207      325.701      2567612           Y
          178               327.304        327.394      327.854      2404088           Y
          179               331.953        332.044      332.446      2106070           Y
          180               332.446        332.536      333.038      2660432           Y
          181                 333.6         333.69       334.14      2403346           Y
          182               334.659        334.749      335.036      1534600           Y
          183               337.308        337.399      337.563       913140           Y
          184               338.727        338.818      339.025      1110714           Y
          185               341.404        341.495      341.699      1103382           Y
          186               343.032        343.122       343.43      1653844           Y
          187               346.755        346.846       347.57      3939210           Y
          188                347.57         347.66      348.341      3738582           Y
          189               352.109        352.199      353.922      9606526           Y
          190               353.922        354.013      355.583      8941710           Y
          191               355.583        355.673      357.351      9684976           Y
          192               357.351        357.442      359.172     10111356           Y
          193               359.172        359.263      360.745      8788462           Y
          194               360.745        360.835      362.775     11637172           Y
          195               362.775        362.865      364.186      7949250           Y
          196               364.186        364.277      365.169      5374578           Y
          197               367.048        367.139      367.712      3452472           Y
          198               369.487        369.578      370.336      4571072           Y
          199               371.915        372.006      372.379      2247484           Y
          200               372.379        372.469       372.95      2899326           Y
          201               373.744        373.835      374.251      2508070           Y
          202                377.88        377.971      378.499      3180516           Y
          203               378.499         378.59      378.894      1835380           Y
          204               382.044        382.134      382.382      1493684           Y
          205               382.382        382.473      382.698      1353300           Y
          206               382.698        382.788      383.109      1930332           Y
          207               385.921        386.011      386.305      1771204           Y
          208               388.728        388.818      389.111      1765204           Y
          209               389.403        389.493      389.845      2117030           Y
          210               391.161        391.251      391.315       382526           Y
          211               395.536        395.626      395.871      1477660           Y
          212               396.289        396.379      396.727      2094178           Y
          213               397.623        397.714      398.043      1983954           Y
          214               402.131        402.221      402.723      3019654           Y
          215               402.723        402.813      403.388      3459742           Y
          216               404.831        404.921      405.613      4165700           Y
          217               405.613        405.703      406.327      3760282           Y
          218               406.861        406.952      406.971       118290           Y
          219               411.558        411.648      411.988      2046476           Y
          220               411.988        412.078      412.514      2623830           Y
          221               414.875        414.965      415.893      5588586           Y
