Segment_Index Rep_Level Decision_Point_Of_Time Case DelayCase
            0         0                2.10505    0         0
            1         0                 2.1966    1         0
            2         0                2.47016    1         0
            3         0                2.65921    1         0
            4         0                2.84299    1         0
            5         0                2.94326    1         0
            6         0                3.04323    1         0
            7         0                3.14117    1         0
            8         0                3.23718    1         0
            9         0                 3.3348    1         0
           10         0                3.43116    1         0
           11         0                3.52818    1         0
           12         0                3.62459    1         0
           13         0                3.72053    1         0
           14         0                3.81467    1         0
           15         0                3.90971    1         0
           16         0                4.00756    1         0
           17         0                4.10508    1         0
           18         0                4.20385    1         0
           19         0                4.30377    1         0
           20         1                4.40355    1         1
           21         1                14.0168    3         0
           22         1                14.1413    3         1
           23         1                16.6234    3         1
           24         1                 17.674    3         1
           25         1                20.5588    3         1
           26         2                24.0661    1         0
           27         2                24.2047    3         1
           28         2                26.5737    3         1
           29         2                29.8138    3         1
           30         2                30.6895    3         1
           31         2                33.1151    3         1
           32         3                33.8342    1         1
           33         3                35.0092    3         1
           34         3                37.8141    3         1
           35         3                41.4612    3         0
           36         3                41.5901    3         1
           37         3                45.1545    3         1
           38         4                47.9471    1         1
           39         4                50.2857    3         0
           40         4                50.4621    3         1
           41         4                51.3914    3         1
           42         4                 54.803    3         1
           43         4                55.7037    3         1
           44         5                57.4377    1         1
           45         5                61.9489    3         1
           46         5                63.4868    3         0
           47         5                64.4953    3         1
           48         5                67.4537    3         1
           49         5                70.1327    3         1
           50         5                72.3425    3         1
           51         5                73.2328    3         1
           52         5                74.4217    3         1
           53         5                75.8444    3         1
           54         5                78.7585    3         1
           55         5                82.6989    3         0
           56         5                84.8063    3         0
           57         5                86.5785    3         1
           58         5                88.8287    3         1
           59         5                91.2531    3         1
           60         5                92.3662    3         0
           61         5                93.5001    3         1
           62         5                  96.23    3         0
           63         5                96.9942    3         1
           64         5                98.3845    3         1
           65         5                 102.72    3         1
           66         5                103.944    3         0
           67         5                104.439    3         1
           68         5                106.894    3         1
           69         5                108.614    3         1
           70         5                110.552    3         1
           71         5                113.726    3         1
           72         5                115.983    3         1
           73         6                118.254    1         1
           74         5                120.592    1         0
           75         5                120.686    3         1
           76         5                123.534    3         1
           77         5                125.485    3         0
           78         5                126.607    3         1
           79         5                128.356    3         1
           80         5                129.827    3         1
           81         5                131.549    3         1
           82         5                136.547    3         1
           83         5                137.455    3         0
           84         5                138.272    3         1
           85         5                142.191    3         0
           86         5                142.745    3         1
           87         5                145.044    3         1
           88         5                148.283    3         1
           89         5                150.391    3         0
           90         5                151.436    3         1
           91         5                153.364    3         1
           92         5                156.952    3         0
           93         5                157.736    3         1
           94         5                159.779    3         0
           95         6                160.882    1         1
           96         6                165.041    3         0
           97         6                166.655    3         0
           98         6                168.411    3         0
           99         6                169.556    3         1
          100         6                173.583    3         0
          101         6                175.706    3         1
          102         6                176.975    3         1
          103         6                177.761    3         1
          104         6                 179.11    3         1
          105         6                182.462    3         1
          106         6                183.779    3         0
          107         6                184.977    3         1
          108         6                186.779    3         1
          109         6                191.187    3         0
          110         6                192.129    3         1
          111         6                192.719    3         1
          112         6                196.538    3         0
          113         6                196.761    3         0
          114         6                196.961    3         1
          115         6                198.466    3         1
          116         6                204.233    3         0
          117         6                204.758    3         1
          118         6                207.224    3         1
          119         6                 209.75    3         1
          120         6                212.465    3         1
          121         6                214.882    3         0
          122         6                215.505    3         1
          123         6                218.008    3         0
          124         6                218.292    3         1
          125         6                222.319    3         1
          126         6                225.062    3         1
          127         6                226.411    3         0
          128         6                227.284    3         1
          129         6                228.551    3         1
          130         6                229.451    3         1
          131         6                230.986    3         1
          132         6                236.551    3         0
          133         6                 237.33    3         1
          134         6                239.436    3         1
          135         6                240.211    3         1
          136         7                243.774    1         0
          137         6                244.408    1         1
          138         6                246.317    3         1
          139         6                250.711    3         0
          140         6                251.499    3         1
          141         6                253.079    3         1
          142         6                254.226    3         1
          143         7                255.485    1         1
          144         6                261.147    1         0
          145         6                262.119    3         0
          146         6                263.107    3         1
          147         6                265.245    3         1
          148         6                266.415    3         1
          149         6                268.931    3         0
          150         7                269.319    1         1
          151         6                271.765    1         1
          152         6                274.082    3         1
          153         6                275.651    3         1
          154         6                 279.99    3         0
          155         6                 280.63    3         1
          156         6                284.383    3         1
          157         7                285.318    1         0
          158         6                287.382    1         1
          159         6                290.613    3         1
          160         6                292.723    3         1
          161         6                294.843    3         1
          162         6                297.205    3         1
          163         6                298.621    3         1
          164         6                 301.55    3         0
          165         6                302.556    3         0
          166         6                 303.66    3         1
          167         6                306.601    3         1
          168         6                 308.24    3         0
          169         6                309.669    3         1
          170         6                312.178    3         1
          171         6                314.402    3         0
          172         6                315.251    3         1
          173         6                318.348    3         1
          174         6                319.453    3         1
          175         6                322.077    3         1
          176         6                 324.64    3         0
          177         6                325.116    3         0
          178         6                325.701    3         1
          179         6                327.854    3         1
          180         6                332.446    3         0
          181         6                333.038    3         1
          182         6                 334.14    3         1
          183         6                335.036    3         1
          184         6                337.563    3         1
          185         6                339.025    3         1
          186         6                341.699    3         1
          187         6                 343.43    3         1
          188         6                 347.57    3         0
          189         6                348.341    3         1
          190         6                353.922    3         0
          191         6                355.583    3         0
          192         6                357.351    3         0
          193         6                359.172    3         0
          194         6                360.745    3         0
          195         6                362.775    3         0
          196         6                364.186    3         0
          197         6                365.169    3         1
          198         6                367.712    3         1
          199         6                370.336    3         1
          200         6                372.379    3         0
          201         6                 372.95    3         1
          202         6                374.251    3         1
          203         6                378.499    3         0
          204         6                378.894    3         1
          205         6                382.382    3         0
          206         6                382.698    3         0
          207         6                383.109    3         1
          208         6                386.305    3         1
          209         6                389.111    3         1
          210         6                389.845    3         1
          211         6                391.315    3         1
          212         6                395.871    3         1
          213         6                396.727    3         1
          214         6                398.043    3         1
          215         6                402.723    3         0
          216         6                403.388    3         1
          217         6                405.613    3         0
          218         6                406.327    3         1
          219         6                406.971    3         1
          220         6                411.988    3         0
          221         6                412.514    3         1
