Segment_Index Rep_Level Decision_Point_Of_Time Case DelayCase
            0         0                2.10572    0         0
            1         0                2.22586    1         0
            2         0                2.51872    1         0
            3         0                2.70444    1         0
            4         0                2.80223    1         0
            5         0                2.89817    1         0
            6         0                2.99348    1         0
            7         0                3.08867    1         0
            8         0                 3.1829    1         0
            9         0                3.27721    1         0
           10         0                3.37072    1         0
           11         0                3.46446    1         0
           12         0                3.55791    1         0
           13         0                 3.6513    1         0
           14         0                3.74368    1         0
           15         0                3.83642    1         0
           16         0                3.93163    1         0
           17         0                4.02571    1         0
           18         0                 4.1202    1         0
           19         0                4.21602    1         0
           20         1                  4.311    1         1
           21         1                14.0357    3         0
           22         1                14.1416    3         1
           23         1                16.6365    3         1
           24         1                17.6945    3         1
           25         1                20.5781    3         1
           26         2                24.0864    1         0
           27         2                24.2069    3         1
           28         2                 26.577    3         1
           29         2                29.8188    3         1
           30         2                30.6944    3         1
           31         2                33.1306    3         1
           32         3                33.8454    1         1
           33         3                35.0446    3         1
           34         3                37.8215    3         1
           35         3                 41.458    3         0
           36         3                41.5656    3         1
           37         3                45.1572    3         1
           38         4                47.9523    1         1
           39         4                50.3203    3         0
           40         4                50.4481    3         1
           41         4                51.4253    3         1
           42         4                54.8325    3         1
           43         4                55.7353    3         1
           44         5                 57.469    1         1
           45         5                61.9658    3         1
           46         5                63.4372    3         1
           47         5                63.7912    3         1
           48         5                66.8479    3         1
           49         5                69.3807    3         1
           50         6                71.8169    1         1
           51         6                73.1263    3         1
           52         6                74.4541    3         1
           53         6                75.5311    3         1
           54         6                78.1188    3         1
           55         6                 82.559    3         0
           56         6                84.3915    3         0
           57         6                86.0927    3         1
           58         6                89.0293    3         1
           59         6                91.5161    3         1
           60         6                92.4784    3         0
           61         6                93.8352    3         1
           62         6                96.5481    3         0
           63         6                97.5412    3         1
           64         6                98.5548    3         1
           65         6                102.996    3         1
           66         6                104.187    3         0
           67         6                104.889    3         1
           68         6                106.958    3         1
           69         6                108.707    3         1
           70         6                110.834    3         1
           71         6                114.177    3         1
           72         6                116.269    3         1
           73         6                 118.58    3         1
           74         6                120.373    3         0
           75         6                120.467    3         1
           76         6                123.723    3         1
           77         6                126.062    3         0
           78         6                 127.75    3         0
           79         6                129.307    3         0
           80         6                131.156    3         0
           81         6                 132.97    3         1
           82         6                136.839    3         0
           83         6                137.861    3         0
           84         6                 139.15    3         1
           85         6                142.532    3         0
           86         6                143.364    3         1
           87         6                145.468    3         1
           88         6                148.978    3         1
           89         6                151.012    3         0
           90         6                152.913    3         0
           91         6                154.251    3         1
           92         6                157.972    3         0
           93         6                 159.37    3         0
           94         6                160.605    3         0
           95         7                162.807    1         1
           96         6                166.819    1         0
           97         6                168.189    3         0
           98         6                169.716    3         0
           99         6                170.742    3         1
          100         6                 173.44    3         0
          101         6                175.384    3         1
          102         7                176.942    1         1
          103         6                 178.45    1         0
          104         6                179.269    3         1
          105         6                182.467    3         1
          106         6                183.823    3         0
          107         6                185.009    3         1
          108         6                186.837    3         1
          109         7                191.235    1         0
          110         6                193.425    1         0
          111         6                 193.94    3         1
          112         6                196.557    3         0
          113         6                196.771    3         0
          114         6                 196.97    3         1
          115         6                 198.49    3         1
          116         6                 204.24    3         0
          117         6                204.776    3         1
          118         6                207.282    3         1
          119         6                209.843    3         1
          120         6                212.541    3         1
          121         6                214.952    3         0
          122         6                215.614    3         1
          123         6                218.056    3         0
          124         6                 218.35    3         1
          125         6                222.435    3         1
          126         6                225.143    3         1
          127         6                226.502    3         0
          128         6                227.447    3         1
          129         6                228.645    3         1
          130         6                 229.53    3         1
          131         6                231.073    3         1
          132         6                236.621    3         0
          133         6                237.471    3         1
          134         6                239.525    3         0
          135         6                240.305    3         1
          136         6                243.864    3         0
          137         6                244.252    3         1
          138         6                246.374    3         1
          139         6                250.778    3         0
          140         6                251.622    3         1
          141         6                253.132    3         1
          142         6                254.302    3         0
          143         6                255.639    3         1
          144         6                260.232    3         0
          145         6                 261.28    3         0
          146         6                262.343    3         1
          147         6                265.336    3         0
          148         6                266.533    3         1
          149         6                269.024    3         0
          150         6                269.423    3         1
          151         6                271.221    3         1
          152         6                274.146    3         1
          153         6                 275.72    3         1
          154         6                280.047    3         0
          155         6                280.735    3         1
          156         6                284.444    3         1
          157         6                285.397    3         0
          158         6                286.485    3         1
          159         6                290.704    3         1
          160         6                292.793    3         1
          161         6                294.921    3         1
          162         6                297.336    3         1
          163         6                298.429    3         1
          164         6                301.238    3         0
          165         6                 302.02    3         0
          166         6                302.889    3         1
          167         6                306.324    3         1
          168         6                308.016    3         1
          169         6                309.465    3         1
          170         6                311.996    3         1
          171         6                 314.26    3         0
          172         6                315.012    3         1
          173         6                318.276    3         1
          174         6                319.381    3         1
          175         6                322.026    3         1
          176         6                324.631    3         0
          177         6                325.062    3         0
          178         6                325.616    3         1
          179         6                327.853    3         1
          180         6                 332.45    3         0
          181         6                333.013    3         1
          182         6                334.139    3         1
          183         6                335.016    3         1
          184         6                337.569    3         1
          185         6                339.049    3         1
          186         6                341.721    3         1
          187         6                343.452    3         1
          188         6                347.567    3         0
          189         6                 348.33    3         1
          190         6                 353.96    3         0
          191         6                355.661    3         0
          192         6                357.493    3         0
          193         6                359.433    3         0
          194         6                361.133    3         0
          195         6                363.309    3         0
          196         6                364.827    3         0
          197         6                365.887    3         1
          198         6                367.779    3         1
          199         6                370.412    3         1
          200         6                372.432    3         0
          201         6                 373.04    3         1
          202         6                374.296    3         1
          203         6                 378.57    3         0
          204         6                378.976    3         1
          205         6                382.405    3         0
          206         6                382.718    3         0
          207         6                 383.14    3         1
          208         6                386.355    3         1
          209         6                389.156    3         1
          210         6                389.901    3         1
          211         6                391.313    3         1
          212         6                395.892    3         1
          213         6                396.792    3         1
          214         6                398.086    3         1
          215         6                402.808    3         0
          216         6                403.541    3         1
          217         6                405.696    3         0
          218         6                406.465    3         1
          219         6                 406.99    3         1
          220         6                412.022    3         0
          221         6                412.588    3         1
