Segment_Index Playback_Start Quality_Level
            0         2.2259             0
            1         4.2259             0
            2         6.2259             0
            3         8.2259             0
            4        10.2259             0
            5        12.2259             0
            6        14.2259             0
            7        16.2259             0
            8        18.2259             0
            9        20.2259             0
           10        22.2259             0
           11        24.2259             0
           12        26.2259             0
           13        28.2259             0
           14        30.2259             0
           15        32.2259             0
           16        34.2259             0
           17        36.2259             0
           18        38.2259             0
           19        40.2259             0
           20        42.2259             1
           21        44.2259             1
           22        46.2259             1
           23        48.2259             1
           24        50.2259             1
           25        52.2259             1
           26        54.2259             1
           27        57.9632             1
           28        62.5243             1
           29        64.9753             0
           30        66.9753             0
           31        68.9753             0
           32        71.3156             0
           33        73.3156             0
           34        75.3156             0
           35        77.3156             0
           36        79.3156             0
           37        81.3156             0
           38        83.3156             0
           39        85.3156             0
           40        87.3156             0
           41        89.3156             0
           42        91.3156             0
           43        93.3156             0
           44        95.3156             0
           45        97.3156             0
           46        99.3156             0
           47        101.316             0
           48        103.316             0
           49        105.316             0
           50        107.316             0
           51        109.316             0
           52        111.316             0
           53        113.316             0
           54        115.316             0
           55        117.316             0
           56        119.316             0
           57        121.316             0
           58        123.316             0
           59        125.316             0
           60        127.316             0
           61        129.316             0
           62        131.316             0
           63        133.316             0
           64        135.316             0
           65        137.316             0
           66        139.316             0
