Segment_Index Download_Request_Sent Download_Start Download_End Segment_Size Download_OK
            0               2.10572        2.19695      2.22586         3128           Y
            1               2.22586        2.31621      2.51872        44788           Y
            2               2.51872        2.60933      2.70444        83412           Y
            3               2.70444        2.79502      2.80223        92274           Y
            4               2.80223        2.89283      2.89817        56210           Y
            5               2.89817        2.98866      2.99348        56494           Y
            6               2.99348        3.08404      3.08867        43658           Y
            7               3.08867        3.17928       3.1829        32596           Y
            8                3.1829        3.27345      3.27721        41642           Y
            9               3.27721        3.36767      3.37072        33180           Y
           10               3.37072        3.46129      3.46446        38444           Y
           11               3.46446        3.55499      3.55791        33376           Y
           12               3.55791        3.64839       3.6513        32942           Y
           13                3.6513        3.74184      3.74368        22196           Y
           14               3.74368        3.83417      3.83642        25740           Y
           15               3.83642         3.9269      3.93163        44300           Y
           16               3.93163        4.02216      4.02571        42024           Y
           17               4.02571        4.11629       4.1202        48390           Y
           18                4.1202        4.21071      4.21602        56032           Y
           19               4.21602        4.30664        4.311        54032           Y
           20               13.9369        14.0272      14.0357       112556           Y
           21               14.0357        14.1263      14.1416       204056           Y
           22               16.5335        16.6238      16.6365       170788           Y
           23               17.5894        17.6796      17.6945       142026           Y
           24               20.4786        20.5688      20.5781       114824           Y
           25               23.9876        24.0779      24.0864       104946           Y
           26               24.0864        24.1769      24.2069       288064           Y
           27               26.4658         26.556       26.577       280296           Y
           28               29.7094        29.7996      29.8188       259990           Y
           29               30.5847         30.675      30.6944       260812           Y
           30               33.0237         33.114      33.1306       180962           Y
           31               33.7362        33.8264      33.8454       219144           Y
           32               34.8574        34.9476      35.0446       544846           Y
           33               37.7061        37.7963      37.8215       282550           Y
           34               41.3286        41.4189       41.458       429728           Y
           35                41.458        41.5486      41.5656       231128           Y
           36               45.0457        45.1359      45.1572       288106           Y
           37               47.8428        47.9331      47.9523       259568           Y
           38               50.1368         50.227      50.3203       529286           Y
           39               50.3203        50.4108      50.4481       515898           Y
           40               51.2207        51.3109      51.4253       660316           Y
           41               54.6306        54.7209      54.8325       669498           Y
           42               55.5234        55.6136      55.7353       717700           Y
           43               57.2699        57.3601       57.469       643228           Y
           44               61.7602        61.8504      61.9658       769760           Y
           45               63.2045        63.2948      63.4372       998702           Y
           46               63.5031        63.5933      63.7912      1138672           Y
           47               66.5608        66.6511      66.8479      1103682           Y
           48               69.0523        69.1426      69.3807      1441186           Y
           49               71.5228        71.6131      71.8169      1162574           Y
           50               72.7122        72.8025      73.1263      1922972           Y
           51               74.2465        74.3368      74.4541       737200           Y
           52               74.5922        74.6824      75.5311      4752738           Y
           53                76.503        76.5932      78.1188      8527054           Y
           54               81.0931        81.1834       82.559      7697808           Y
           55                82.559        82.6496      84.3915      9737424           Y
           56               84.3915         84.482      86.0927      9012976           Y
           57               87.2079        87.2982      89.0293      9409366           Y
           58                90.051        90.1413      91.5161      7691190           Y
           59               91.7482        91.8385      92.4784      3602870           Y
           60               92.4784        92.5693      93.8352      7112776           Y
           61               94.8489        94.9392      96.5481      8926608           Y
           62               96.5481        96.6385      97.5412      4893090           Y
           63               97.6814        97.7717      98.5548      4411542           Y
           64               101.812        101.902      102.996      6075804           Y
           65               103.328        103.418      104.187      4308440           Y
           66               104.187        104.278      104.889      3460970           Y
           67               106.632        106.722      106.958      1426454           Y
           68               108.428        108.518      108.707      1051374           Y
           69               109.562        109.652      110.834      6650934           Y
           70                112.66         112.75      114.177      7918856           Y
           71               115.422        115.513      116.269      4176020           Y
           72                117.45         117.54       118.58      5786550           Y
           73               119.957        120.047      120.373      1923896           Y
           74               120.373        120.464      120.467        37088           Y
           75               122.984        123.074      123.723      3635360           Y
           76               124.419        124.509      126.062      8654442           Y
           77               126.062        126.153       127.75      8776046           Y
           78                127.75         127.84      129.307      8102772           Y
           79               129.307        129.398      131.156      9722294           Y
           80               131.156        131.246       132.97      9609384           Y
           81               135.805        135.896      136.839      5252370           Y
           82               136.839         136.93      137.861      5225936           Y
           83               137.861        137.952       139.15      6490310           Y
           84               141.566        141.656      142.532      4852056           Y
           85               142.532        142.622      143.364      4148502           Y
           86               144.475        144.565      145.468      5010908           Y
           87               147.605        147.695      148.978      7163198           Y
           88               149.565        149.655      151.012      7585548           Y
           89               151.012        151.103      152.913     10126692           Y
           90               152.913        153.004      154.251      6930482           Y
           91               155.872        155.962      157.972     11127882           Y
           92               157.972        158.063       159.37      7279548           Y
           93                159.37         159.46      160.605      6359458           Y
           94               160.605        160.695      162.807     11685180           Y
           95               163.993        164.083      166.819     15027888           Y
           96               166.819        166.909      168.189      7127392           Y
           97               168.189        168.279      169.716      7978342           Y
           98               169.716        169.807      170.742      5155032           Y
           99               171.912        172.003       173.44      8009532           Y
          100                173.44         173.53      175.384     10367848           Y
          101               175.799        175.889      176.942      5836330           Y
          102               177.109        177.199       178.45      6921350           Y
          103                178.45         178.54      179.269      4112218           Y
          104               181.531        181.621      182.467      4706564           Y
          105               182.832        182.923      183.823      4846722           Y
          106               183.823        183.914      185.009      6111416           Y
          107               185.724        185.814      186.837      5587704           Y
          108               189.833        189.924      191.235      7334824           Y
          109               191.235        191.325      193.425     11603680           Y
          110               193.425        193.515       193.94      2488000           Y
          111               196.131        196.221      196.557      2005750           Y
          112               196.557        196.648      196.771       770086           Y
          113               196.771        196.862       196.97       641594           Y
          114               198.278        198.369       198.49       747634           Y
          115               204.016        204.107       204.24       920510           Y
          116                204.24         204.33      204.776      2547680           Y
          117               206.528        206.618      207.282      3729996           Y
          118               208.878        208.968      209.843      4815334           Y
          119               211.929        212.019      212.541      2843380           Y
          120               214.085        214.176      214.952      4299244           Y
          121               214.952        215.042      215.614      3195050           Y
          122               217.575        217.665      218.056      2242844           Y
          123               218.056        218.146       218.35      1165214           Y
          124               221.128        221.219      222.435      6800018           Y
          125                224.16         224.25      225.143      5045272           Y
          126               225.516        225.606      226.502      5010970           Y
          127               226.502        226.592      227.447      4716982           Y
          128               227.653        227.743      228.645      5041212           Y
          129               228.656        228.746       229.53      4422072           Y
          130                 230.3         230.39      231.073      3766422           Y
          131               235.965        236.056      236.621      3155806           Y
          132               236.621        236.712      237.471      4153232           Y
          133               238.666        238.756      239.525      4274608           Y
          134               239.525        239.615      240.305      3903466           Y
          135               243.017        243.107      243.864      4194944           Y
          136               243.864        243.954      244.252      1640676           Y
          137               245.796        245.887      246.374      2766674           Y
          138               249.998        250.088      250.778      3932322           Y
          139               250.778        250.869      251.622      4199492           Y
          140               252.667        252.758      253.132      2107740           Y
          141               253.481        253.571      254.302      4117966           Y
          142               254.302        254.393      255.639      6963336           Y
          143               259.118        259.208      260.232      5620138           Y
          144               260.232        260.322       261.28      5305968           Y
          145                261.28        261.371      262.343      5409740           Y
          146               264.392        264.482      265.336      4772436           Y
          147               265.336        265.426      266.533      6135164           Y
          148               268.106        268.196      269.024      4579268           Y
          149               269.024        269.115      269.423      1795422           Y
          150               270.521        270.612      271.221      3444382           Y
          151               273.448        273.538      274.146      3450010           Y
          152               275.047        275.137       275.72      3269908           Y
          153               279.354        279.444      280.047      3467588           Y
          154               280.047        280.137      280.735      3308552           Y
          155               283.949         284.04      284.444      2244422           Y
          156               284.771        284.861      285.397      2926848           Y
          157               285.397        285.488      286.485      5592628           Y
          158                289.82         289.91      290.704      4413426           Y
          159               292.198        292.288      292.793      2796880           Y
          160               294.174        294.265      294.921      3660504           Y
          161               295.893        295.984      297.336      7533248           Y
          162                297.42         297.51      298.429      5010154           Y
          163               300.177        300.268      301.238      5411976           Y
          164               301.238        301.328       302.02      3869402           Y
          165                302.02         302.11      302.889      4344394           Y
          166               304.968        305.058      306.324      6905924           Y
          167               306.863        306.953      308.016      5947576           Y
          168               308.267        308.357      309.465      6182400           Y
          169                310.74         310.83      311.996      6475082           Y
          170                   313         313.09       314.26      6455982           Y
          171                314.26        314.351      315.012      3714282           Y
          172               317.478        317.568      318.276      3994506           Y
          173               318.525        318.615      319.381      4209008           Y
          174               321.084        321.174      322.026      4729682           Y
          175               324.224        324.314      324.631      1848218           Y
          176               324.631        324.721      325.062      1983640           Y
          177               325.062        325.152      325.616      2567612           Y
          178               327.333        327.423      327.853      2404088           Y
          179               331.983        332.073       332.45      2106070           Y
          180                332.45         332.54      333.013      2660432           Y
          181               333.629        333.719      334.139      2403346           Y
          182               334.688        334.778      335.016      1534600           Y
          183               337.338        337.428      337.569       913140           Y
          184               338.757        338.847      339.049      1110714           Y
          185               341.434        341.524      341.721      1103382           Y
          186               343.061        343.151      343.452      1653844           Y
          187               346.784        346.875      347.567      3939210           Y
          188               347.567        347.657       348.33      3738582           Y
          189               352.138        352.228       353.96      9606526           Y
          190                353.96        354.051      355.661      8941710           Y
          191               355.661        355.752      357.493      9684976           Y
          192               357.493        357.583      359.433     10111356           Y
          193               359.433        359.523      361.133      8788462           Y
          194               361.133        361.224      363.309     11637172           Y
          195               363.309          363.4      364.827      7949250           Y
          196               364.827        364.918      365.887      5374578           Y
          197               367.078        367.168      367.779      3452472           Y
          198               369.516        369.607      370.412      4571072           Y
          199               371.944        372.035      372.432      2247484           Y
          200               372.432        372.523       373.04      2899326           Y
          201               373.774        373.864      374.296      2508070           Y
          202                377.91            378       378.57      3180516           Y
          203                378.57        378.661      378.976      1835380           Y
          204               382.073        382.163      382.405      1493684           Y
          205               382.405        382.496      382.718      1353300           Y
          206               382.718         382.81       383.14      1930332           Y
          207                385.95         386.04      386.355      1771204           Y
          208               388.757        388.847      389.156      1765204           Y
          209               389.432        389.522      389.901      2117030           Y
          210                391.19         391.28      391.313       382526           Y
          211               395.565        395.655      395.892      1477660           Y
          212               396.318        396.408      396.792      2094178           Y
          213               397.652        397.743      398.086      1983954           Y
          214                402.16         402.25      402.808      3019654           Y
          215               402.808        402.898      403.541      3459742           Y
          216                404.86         404.95      405.696      4165700           Y
          217               405.696        405.786      406.465      3760282           Y
          218                406.89        406.981       406.99       118290           Y
          219               411.587        411.677      412.022      2046476           Y
          220               412.022        412.113      412.588      2623830           Y
          221               414.904        414.994      416.002      5588586           Y
