Segment_Index Playback_Start Quality_Level
            0        2.22715             0
            1        4.22715             0
            2        6.22715             0
            3        8.22715             0
            4        10.2271             0
            5        12.2271             0
            6        14.2271             0
            7        16.2272             0
            8        18.2272             0
            9        20.2272             0
           10        22.2272             0
           11        24.2272             0
           12        26.2272             0
           13        28.2272             0
           14        30.2272             0
           15        32.2272             0
           16        34.2272             0
           17        36.2272             0
           18        38.2272             0
           19        40.2272             0
           20        42.2272             1
           21        44.2272             1
           22        46.2272             1
           23        48.2272             1
           24        50.2272             1
           25        52.2272             1
           26        54.2272             2
           27        56.2272             2
           28        58.2272             2
           29        60.2272             2
           30        62.2272             2
           31        64.2271             2
           32        66.2271             3
           33        68.2271             3
           34        70.2271             3
           35        72.2271             3
           36        74.2271             3
           37        76.2271             3
           38        78.2271             4
           39        80.2271             4
           40        82.2271             4
           41        84.2271             4
           42        86.2271             4
           43        88.2271             4
           44        90.2271             4
           45        92.2271             4
           46        94.2271             4
           47        96.2271             4
           48        98.2271             4
           49        100.227             4
           50        102.227             4
           51        104.227             4
           52        106.227             4
           53        108.227             4
           54        110.227             5
           55        112.227             4
           56        114.227             4
           57        116.227             4
           58        118.227             4
           59        120.227             4
           60        122.227             4
           61        124.227             5
           62        126.227             4
           63        128.227             4
           64        130.227             4
           65        132.227             4
           66        134.227             4
           67        136.227             4
           68        138.227             5
           69        140.227             4
           70        142.227             4
           71        144.227             4
           72        146.227             4
           73        148.227             4
           74        150.227             4
           75        152.227             4
           76        154.227             4
           77        156.227             4
           78        158.227             4
           79        160.227             4
           80        162.227             4
           81        164.227             4
           82        166.227             4
           83        168.227             4
           84        170.227             4
           85        172.227             4
           86        174.227             4
           87        176.227             4
           88        178.227             4
           89        180.227             4
           90        182.227             4
           91        184.227             4
           92        186.227             4
           93        188.227             4
           94        190.227             4
           95        192.227             5
           96        194.227             5
           97        196.227             5
           98        198.227             5
           99        200.227             5
          100        202.227             5
          101        204.227             5
          102        206.227             5
          103        208.227             5
          104        210.227             5
          105        212.227             5
          106        214.227             5
          107        216.227             5
          108        218.227             5
          109        220.227             5
          110        222.227             5
          111        224.227             5
          112        226.227             5
          113        228.227             4
          114        230.227             4
          115        232.227             4
          116        234.227             4
          117        236.227             4
          118        238.227             4
          119        240.227             5
          120        242.227             4
          121        244.227             4
          122        246.227             4
          123        248.227             4
          124        250.227             4
          125        252.227             4
          126        254.227             5
          127        256.227             4
          128        258.227             4
          129        260.227             4
          130        262.227             4
          131        264.227             4
          132        266.227             4
          133        268.227             5
          134        270.227             4
          135        272.227             4
          136        274.227             4
          137        276.227             4
          138        278.227             4
          139        280.227             4
          140        282.227             5
          141        284.227             4
          142        286.227             4
          143        288.227             4
          144        290.227             4
          145        292.227             4
          146        294.227             4
          147        296.227             5
          148        298.227             4
          149        300.227             4
          150        302.227             4
          151        304.227             4
          152        306.227             4
          153        308.227             4
          154        310.227             5
          155        312.227             4
          156        314.227             4
          157        316.227             4
          158        318.227             4
          159        320.227             4
          160        322.227             4
          161        324.227             5
          162        326.227             4
          163        328.227             4
          164        330.227             4
          165        332.227             4
          166        334.227             4
          167        336.227             4
          168        338.227             5
          169        340.227             4
          170        342.227             4
          171        344.227             4
          172        346.227             4
          173        348.227             4
          174        350.227             4
          175        352.227             5
          176        354.227             4
          177        356.227             4
          178        358.227             4
          179        360.227             4
          180        362.227             4
          181        364.227             4
          182        366.227             5
          183        368.227             4
          184        370.227             4
          185        372.227             4
          186        374.227             4
          187        376.227             4
          188        378.227             4
          189        380.227             4
          190        382.227             4
          191        384.227             4
          192        386.227             5
          193        388.227             4
          194        390.227             4
          195        392.227             4
          196        394.227             4
          197        396.227             4
          198        398.227             4
          199        400.227             5
          200        402.227             4
          201        404.227             4
          202        406.227             4
          203        408.227             4
          204        410.227             4
          205        412.227             4
          206        414.227             5
          207        416.227             4
          208        418.227             4
          209        420.227             4
          210        422.227             4
          211        424.227             4
          212        426.227             4
          213        428.227             5
          214        430.227             4
          215        432.227             4
          216        434.227             4
          217        436.227             4
          218        438.227             4
          219        440.227             4
          220        442.227             4
          221        444.227             4
