     Time_Now  Buffer_Level 
      2.22605             0
      2.22605             2
      2.51995        1.7061
      2.51995        3.7061
      2.70836       3.51768
      2.70836       5.51768
      2.81442       5.41163
      2.81442       7.41163
      2.91447       7.31157
      2.91447       9.31157
      3.01435        9.2117
      3.01435       11.2117
      3.11215       11.1139
      3.11215       13.1139
      3.20818       13.0179
      3.20818       15.0179
      3.30551       14.9205
      3.30551       16.9205
      3.40174       16.8243
      3.40174       18.8243
      3.49889       18.7272
      3.49889       20.7272
      3.59491       20.6311
      3.59491       22.6311
      3.69098       22.5351
      3.69098       24.5351
       3.7854       24.4406
       3.7854       26.4406
      3.88017       26.3459
      3.88017       28.3459
      3.97806        28.248
      3.97806        30.248
      4.07566       30.1504
      4.07566       32.1504
      4.17462       32.0514
      4.17462       34.0514
      4.27486       33.9512
      4.27486       35.9512
      4.37455       35.8515
      4.37455       37.8515
      14.0462       28.1798
      14.0462       30.1798
      14.1712       30.0548
      14.1712       32.0548
       16.653        29.573
       16.653        31.573
      17.7037       30.5224
      17.7037       32.5224
      20.5883       29.6377
      20.5883       31.6377
      24.0959       28.1302
      24.0959       30.1302
      24.2347       29.9914
      24.2347       31.9914
      26.6035       29.6225
      26.6035       31.6225
      29.8436       28.3825
      29.8436       30.3825
      30.7192       29.5069
      30.7192       31.5069
      33.1449       29.0812
      33.1449       31.0812
      33.8635       30.3626
      33.8635       32.3626
      35.0453       31.1807
      35.0453       33.1808
      37.8441        30.382
      37.8441        32.382
      41.4912       28.7349
      41.4912       30.7349
      41.6205       30.6056
      41.6205       32.6056
      45.1845       29.0415
      45.1845       31.0415
      47.9768       28.2492
      47.9768       30.2492
      50.3214       27.9047
      50.3214       29.9047
      50.5039       29.7221
      50.5039       31.7221
      51.4279       30.7981
      51.4279       32.7981
      54.8391        29.387
      54.8391        31.387
      55.7401       30.4859
      55.7401       32.4859
      57.4742       30.7518
      57.4742       32.7518
      61.9856       28.2404
      61.9856       30.2404
      63.4689       28.7571
      63.4689       30.7571
      63.7996       30.4265
      63.7996       32.4265
      66.8484       29.3777
      66.8484       31.3777
      69.4026       28.8235
      69.4026       30.8235
      71.8219       28.4042
      71.8219       30.4042
      73.1459       29.0801
      73.1459       31.0801
      74.4669       29.7592
      74.4669       31.7592
       75.535        30.691
       75.535        32.691
      78.1215       30.1045
      78.1215       32.1045
       82.563        27.663
       82.563        29.663
         84.4       27.8261
         84.4       29.8261
      86.1057       28.1204
      86.1057       30.1204
      88.9847       27.2414
      88.9847       29.2414
      91.5254       26.7006
      91.5254       28.7006
      92.4843       27.7418
      92.4843       29.7418
      93.8631        28.363
      93.8631        30.363
      96.5419       27.6842
      96.5419       29.6842
      97.5103       28.7158
      97.5103       30.7158
      98.5623       29.6638
      98.5623       31.6638
      103.003       27.2233
      103.003       29.2233
      104.195       28.0313
      104.195       30.0313
      104.906       29.3197
      104.906       31.3197
      106.978       29.2482
      106.978       31.2482
      108.706       29.5205
      108.706       31.5205
       110.85       29.3765
       110.85       31.3765
      114.177       28.0487
      114.177       30.0487
      116.267       27.9593
      116.267       29.9593
      118.578       27.6478
      118.578       29.6478
       120.39       27.8364
       120.39       29.8364
      120.487       29.7395
      120.487       31.7395
      123.728       28.4982
      123.728       30.4982
      126.067        28.159
      126.067        30.159
       127.74       28.4856
       127.74       30.4856
      129.286       28.9398
      129.286       30.9398
      131.126       29.0998
      131.126       31.0998
      132.946       29.2797
      132.946       31.2797
      136.843       27.3826
      136.843       29.3826
      137.877       28.3487
      137.877       30.3487
      139.135       29.0908
      139.135       31.0908
      142.529       27.6969
      142.529       29.6969
      143.371        28.855
      143.371        30.855
      145.468       28.7581
      145.468       30.7581
      148.985       27.2414
      148.985       29.2414
      151.019       27.2066
      151.019       29.2066
      152.934       27.2917
      152.934       29.2917
      154.268       27.9576
      154.268       29.9576
      157.968       26.2583
      157.968       28.2583
      159.365       26.8612
      159.365       28.8612
      160.596       27.6296
      160.596       29.6296
      162.788       27.4384
      162.788       29.4384
       166.79       25.4365
       166.79       27.4365
      168.161        26.065
      168.161        28.065
      169.689       26.5366
      169.689       28.5366
      170.707       27.5194
      170.707       29.5194
       173.45       26.7757
       173.45       28.7757
      175.407       26.8195
      175.407       28.8195
       176.94       27.2863
       176.94       29.2863
      178.442        27.784
      178.442        29.784
       179.27       28.9561
       179.27       30.9561
      182.468       27.7582
      182.468       29.7582
      183.796       28.4299
      183.796       30.4299
      184.994       29.2319
      184.994       31.2319
      186.821        29.405
      186.821        31.405
      191.254       26.9725
      191.254       28.9725
      193.428       26.7985
      193.428       28.7985
      193.964       28.2617
      193.964       30.2617
      196.579       27.6468
      196.579       29.6468
      196.806       29.4201
      196.806       31.4201
      197.011       31.2154
      197.011       33.2154
      198.501       31.7247
      198.501       33.7247
      204.269       27.9575
      204.269       29.9575
      204.814       29.4121
      204.814       31.4121
      207.287       28.9394
      207.287       30.9394
      209.834       28.3921
      209.834       30.3921
      212.529       27.6975
      212.529       29.6975
      214.948       27.2778
      214.948       29.2778
      215.614       28.6119
      215.614       30.6119
      218.066       28.1596
      218.066       30.1596
      218.365       29.8606
      218.365       31.8606
       222.44       27.7861
       222.44       29.7861
      225.157       27.0694
      225.157       29.0694
      226.519       27.7068
      226.519       29.7068
      227.457       28.7691
      227.457       30.7691
      228.648       29.5779
      228.648       31.5779
      229.542       30.6836
      229.542       32.6836
      231.064        31.162
      231.064        33.162
      236.623        27.603
      236.623        29.603
       237.46       28.7664
       237.46       30.7664
      239.522       28.7042
      239.522       30.7042
      240.314        29.912
      240.314        31.912
      243.857       28.3686
      243.857       30.3686
      244.241       29.9849
      244.241       31.9849
      246.385       29.8415
      246.385       31.8415
      250.796       27.4304
      250.796       29.4304
      251.642       28.5845
      251.642       30.5845
      253.136         29.09
      253.136         31.09
      254.315       29.9109
      254.315       31.9109
      255.656         30.57
      255.656         32.57
      260.223       28.0026
      260.223       30.0026
       261.27       28.9557
       261.27       30.9557
      262.335       29.8911
      262.335       31.8911
      265.339       28.8866
      265.339       30.8866
      266.531       29.6951
      266.531       31.6951
      269.027       29.1991
      269.027       31.1991
      269.441       30.7855
      269.441       32.7855
      271.235       30.9912
      271.235       32.9912
      274.169       30.0572
      274.169       32.0572
      275.723       30.5028
      275.723       32.5028
      280.066       28.1597
      280.066       30.1597
       280.75       29.4765
       280.75       31.4765
      284.443       27.7835
      284.443       29.7835
      285.384       28.8416
      285.384       30.8416
      286.491       29.7347
      286.491       31.7347
      290.704       27.5221
      290.704       29.5221
      292.791       27.4354
      292.791       29.4354
      294.919       27.3069
      294.919       29.3069
      297.337        26.889
      297.337        28.889
      298.409       27.8168
      298.409       29.8168
       301.24       26.9859
       301.24       28.9859
      302.025       28.2014
      302.025       30.2014
      302.894       29.3324
      302.894       31.3324
       306.31       27.9165
       306.31       29.9165
       308.02       28.2057
       308.02       30.2057
      309.472       28.7545
      309.472       30.7545
