Segment_Index Download_Request_Sent Download_Start Download_End Segment_Size Download_OK
            0               2.10586        2.19736      2.22605         3128           Y
            1               2.22605        2.31657      2.51995        44788           Y
            2               2.51995        2.61057      2.70836        83412           Y
            3               2.70836        2.79902      2.81442        92274           Y
            4               2.81442        2.90497      2.91447        56210           Y
            5               2.91447        3.00501      3.01435        56494           Y
            6               3.01435        3.10489      3.11215        43658           Y
            7               3.11215         3.2027      3.20818        32596           Y
            8               3.20818         3.2987      3.30551        41642           Y
            9               3.30551        3.39608      3.40174        33180           Y
           10               3.40174        3.49232      3.49889        38444           Y
           11               3.49889        3.58941      3.59491        33376           Y
           12               3.59491        3.68544      3.69098        32942           Y
           13               3.69098        3.78151       3.7854        22196           Y
           14                3.7854        3.87595      3.88017        25740           Y
           15               3.88017         3.9708      3.97806        44300           Y
           16               3.97806        4.06859      4.07566        42024           Y
           17               4.07566        4.16625      4.17462        48390           Y
           18               4.17462        4.26525      4.27486        56032           Y
           19               4.27486        4.36538      4.37455        54032           Y
           20               13.9371        14.0275      14.0462       112556           Y
           21               14.0462        14.1368      14.1712       204056           Y
           22               16.5337        16.6241       16.653       170788           Y
           23               17.5896          17.68      17.7037       142026           Y
           24               20.4787        20.5692      20.5883       114824           Y
           25               23.9878        24.0782      24.0959       104946           Y
           26               24.0959        24.1864      24.2347       288064           Y
           27                26.466        26.5564      26.6035       280296           Y
           28               29.7095           29.8      29.8436       259990           Y
           29               30.5849        30.6754      30.7192       260812           Y
           30               33.0239        33.1144      33.1449       180962           Y
           31               33.7364        33.8268      33.8635       219144           Y
           32               34.8576         34.948      35.0453       544846           Y
           33               37.7063        37.7967      37.8441       282550           Y
           34               41.3288        41.4192      41.4912       429728           Y
           35               41.4912        41.5818      41.6205       231128           Y
           36               45.0458        45.1363      45.1845       288106           Y
           37                47.843        47.9334      47.9768       259568           Y
           38               50.1369        50.2274      50.3214       529286           Y
           39               50.3214        50.4119      50.5039       515898           Y
           40               51.2208        51.3113      51.4279       660316           Y
           41               54.6308        54.7212      54.8391       669498           Y
           42               55.5236         55.614      55.7401       717700           Y
           43                 57.27        57.3605      57.4742       643228           Y
           44               61.7603        61.8508      61.9856       769760           Y
           45               63.2047        63.2952      63.4689       998702           Y
           46               63.5033        63.5939      63.7996      1138672           Y
           47                66.561        66.6514      66.8484      1103682           Y
           48               69.0525        69.1429      69.4026      1441186           Y
           49                71.523        71.6135      71.8219      1162574           Y
           50               72.7124        72.8028      73.1459      1922972           Y
           51               74.2467        74.3371      74.4669       737200           Y
           52               74.5924        74.6828       75.535      4752738           Y
           53               76.5031        76.5936      78.1215      8527054           Y
           54               81.0933        81.1837       82.563      7697808           Y
           55                82.563        82.6537         84.4      9737424           Y
           56                  84.4        84.4905      86.1057      9012976           Y
           57               87.2081        87.2985      88.9847      9409366           Y
           58               90.0512        90.1416      91.5254      7691190           Y
           59               91.7484        91.8389      92.4843      3602870           Y
           60               92.4843        92.5748      93.8631      7112776           Y
           61               94.8491        94.9395      96.5419      8926608           Y
           62               96.5419        96.6325      97.5103      4893090           Y
           63               97.6816         97.772      98.5623      4411542           Y
           64               101.812        101.903      103.003      6075804           Y
           65               103.328        103.418      104.195      4308440           Y
           66               104.195        104.285      104.906      3460970           Y
           67               106.632        106.723      106.978      1426454           Y
           68               108.428        108.518      108.706      1051374           Y
           69               109.562        109.653       110.85      6650934           Y
           70                112.66         112.75      114.177      7918856           Y
           71               115.423        115.513      116.267      4176020           Y
           72                117.45         117.54      118.578      5786550           Y
           73               119.957        120.048       120.39      1923896           Y
           74                120.39         120.48      120.487        37088           Y
           75               122.984        123.075      123.728      3635360           Y
           76               124.419         124.51      126.067      8654442           Y
           77               126.067        126.158       127.74      8776046           Y
           78                127.74        127.831      129.286      8102772           Y
           79               129.286        129.377      131.126      9722294           Y
           80               131.126        131.217      132.946      9609384           Y
           81               135.806        135.896      136.843      5252370           Y
           82               136.843        136.934      137.877      5225936           Y
           83               137.877        137.968      139.135      6490310           Y
           84               141.566        141.656      142.529      4852056           Y
           85               142.529         142.62      143.371      4148502           Y
           86               144.475        144.566      145.468      5010908           Y
           87               147.605        147.695      148.985      7163198           Y
           88               149.565        149.655      151.019      7585548           Y
           89               151.019         151.11      152.934     10126692           Y
           90               152.934        153.025      154.268      6930482           Y
           91               155.872        155.963      157.968     11127882           Y
           92               157.968        158.059      159.365      7279548           Y
           93               159.365        159.455      160.596      6359458           Y
           94               160.596        160.687      162.788     11685180           Y
           95               163.993        164.083       166.79     15027888           Y
           96                166.79         166.88      168.161      7127392           Y
           97               168.161        168.252      169.689      7978342           Y
           98               169.689         169.78      170.707      5155032           Y
           99               171.912        172.003       173.45      8009532           Y
          100                173.45        173.541      175.407     10367848           Y
          101               175.799         175.89       176.94      5836330           Y
          102               177.109        177.199      178.442      6921350           Y
          103               178.442        178.533       179.27      4112218           Y
          104               181.531        181.621      182.468      4706564           Y
          105               182.833        182.923      183.796      4846722           Y
          106               183.796        183.887      184.994      6111416           Y
          107               185.724        185.814      186.821      5587704           Y
          108               189.833        189.924      191.254      7334824           Y
          109               191.254        191.344      193.428     11603680           Y
          110               193.428        193.518      193.964      2488000           Y
          111               196.131        196.222      196.579      2005750           Y
          112               196.579         196.67      196.806       770086           Y
          113               196.806        196.896      197.011       641594           Y
          114               198.279        198.369      198.501       747634           Y
          115               204.017        204.107      204.269       920510           Y
          116               204.269        204.359      204.814      2547680           Y
          117               206.528        206.618      207.287      3729996           Y
          118               208.878        208.969      209.834      4815334           Y
          119               211.929        212.019      212.529      2843380           Y
          120               214.086        214.176      214.948      4299244           Y
          121               214.948        215.039      215.614      3195050           Y
          122               217.575        217.666      218.066      2242844           Y
          123               218.066        218.157      218.365      1165214           Y
          124               221.129        221.219       222.44      6800018           Y
          125                224.16         224.25      225.157      5045272           Y
          126               225.516        225.607      226.519      5010970           Y
          127               226.519         226.61      227.457      4716982           Y
          128               227.653        227.743      228.648      5041212           Y
          129               228.656        228.747      229.542      4422072           Y
          130                 230.3         230.39      231.064      3766422           Y
          131               235.965        236.056      236.623      3155806           Y
          132               236.623        236.714       237.46      4153232           Y
          133               238.666        238.756      239.522      4274608           Y
          134               239.522        239.612      240.314      3903466           Y
          135               243.017        243.107      243.857      4194944           Y
          136               243.857        243.948      244.241      1640676           Y
          137               245.797        245.887      246.385      2766674           Y
          138               249.998        250.088      250.796      3932322           Y
          139               250.796        250.886      251.642      4199492           Y
          140               252.668        252.758      253.136      2107740           Y
          141               253.481        253.572      254.315      4117966           Y
          142               254.315        254.406      255.656      6963336           Y
          143               259.118        259.209      260.223      5620138           Y
          144               260.223        260.314       261.27      5305968           Y
          145                261.27        261.361      262.335      5409740           Y
          146               264.392        264.482      265.339      4772436           Y
          147               265.339         265.43      266.531      6135164           Y
          148               268.106        268.196      269.027      4579268           Y
          149               269.027        269.118      269.441      1795422           Y
          150               270.522        270.612      271.235      3444382           Y
          151               273.448        273.539      274.169      3450010           Y
          152               275.047        275.137      275.723      3269908           Y
          153               279.354        279.444      280.066      3467588           Y
          154               280.066        280.157       280.75      3308552           Y
          155               283.949         284.04      284.443      2244422           Y
          156               284.771        284.861      285.384      2926848           Y
          157               285.384        285.475      286.491      5592628           Y
          158                289.82         289.91      290.704      4413426           Y
          159               292.198        292.288      292.791      2796880           Y
          160               294.175        294.265      294.919      3660504           Y
          161               295.894        295.984      297.337      7533248           Y
          162                297.42        297.511      298.409      5010154           Y
          163               300.177        300.268       301.24      5411976           Y
          164                301.24        301.331      302.025      3869402           Y
          165               302.025        302.115      302.894      4344394           Y
          166               304.968        305.059       306.31      6905924           Y
          167               306.863        306.954       308.02      5947576           Y
          168               308.267        308.357      309.472      6182400           Y
