Segment_Index Rep_Level Decision_Point_Of_Time Case DelayCase
            0         0                2.10586    0         0
            1         0                2.22605    1         0
            2         0                2.51995    1         0
            3         0                2.70836    1         0
            4         0                2.81442    1         0
            5         0                2.91447    1         0
            6         0                3.01435    1         0
            7         0                3.11215    1         0
            8         0                3.20818    1         0
            9         0                3.30551    1         0
           10         0                3.40174    1         0
           11         0                3.49889    1         0
           12         0                3.59491    1         0
           13         0                3.69098    1         0
           14         0                 3.7854    1         0
           15         0                3.88017    1         0
           16         0                3.97806    1         0
           17         0                4.07566    1         0
           18         0                4.17462    1         0
           19         0                4.27486    1         0
           20         1                4.37455    1         1
           21         1                14.0462    3         0
           22         1                14.1712    3         1
           23         1                 16.653    3         1
           24         1                17.7037    3         1
           25         1                20.5883    3         1
           26         2                24.0959    1         0
           27         2                24.2347    3         1
           28         2                26.6035    3         1
           29         2                29.8436    3         1
           30         2                30.7192    3         1
           31         2                33.1449    3         1
           32         3                33.8635    1         1
           33         3                35.0453    3         1
           34         3                37.8441    3         1
           35         3                41.4912    3         0
           36         3                41.6205    3         1
           37         3                45.1845    3         1
           38         4                47.9768    1         1
           39         4                50.3214    3         0
           40         4                50.5039    3         1
           41         4                51.4279    3         1
           42         4                54.8391    3         1
           43         4                55.7401    3         1
           44         5                57.4742    1         1
           45         5                61.9856    3         1
           46         5                63.4689    3         1
           47         5                63.7996    3         1
           48         5                66.8484    3         1
           49         5                69.4026    3         1
           50         6                71.8219    1         1
           51         6                73.1459    3         1
           52         6                74.4669    3         1
           53         6                 75.535    3         1
           54         6                78.1215    3         1
           55         6                 82.563    3         0
           56         6                   84.4    3         0
           57         6                86.1057    3         1
           58         6                88.9847    3         1
           59         6                91.5254    3         1
           60         6                92.4843    3         0
           61         6                93.8631    3         1
           62         6                96.5419    3         0
           63         6                97.5103    3         1
           64         6                98.5623    3         1
           65         6                103.003    3         1
           66         6                104.195    3         0
           67         6                104.906    3         1
           68         6                106.978    3         1
           69         6                108.706    3         1
           70         6                 110.85    3         1
           71         6                114.177    3         1
           72         6                116.267    3         1
           73         6                118.578    3         1
           74         6                 120.39    3         0
           75         6                120.487    3         1
           76         6                123.728    3         1
           77         6                126.067    3         0
           78         6                 127.74    3         0
           79         6                129.286    3         0
           80         6                131.126    3         0
           81         6                132.946    3         1
           82         6                136.843    3         0
           83         6                137.877    3         0
           84         6                139.135    3         1
           85         6                142.529    3         0
           86         6                143.371    3         1
           87         6                145.468    3         1
           88         6                148.985    3         1
           89         6                151.019    3         0
           90         6                152.934    3         0
           91         6                154.268    3         1
           92         6                157.968    3         0
           93         6                159.365    3         0
           94         6                160.596    3         0
           95         7                162.788    1         1
           96         6                 166.79    1         0
           97         6                168.161    3         0
           98         6                169.689    3         0
           99         6                170.707    3         1
          100         6                 173.45    3         0
          101         6                175.407    3         1
          102         7                 176.94    1         1
          103         6                178.442    1         0
          104         6                 179.27    3         1
          105         6                182.468    3         1
          106         6                183.796    3         0
          107         6                184.994    3         1
          108         6                186.821    3         1
          109         7                191.254    1         0
          110         6                193.428    1         0
          111         6                193.964    3         1
          112         6                196.579    3         0
          113         6                196.806    3         0
          114         6                197.011    3         1
          115         6                198.501    3         1
          116         6                204.269    3         0
          117         6                204.814    3         1
          118         6                207.287    3         1
          119         6                209.834    3         1
          120         6                212.529    3         1
          121         6                214.948    3         0
          122         6                215.614    3         1
          123         6                218.066    3         0
          124         6                218.365    3         1
          125         6                 222.44    3         1
          126         6                225.157    3         1
          127         6                226.519    3         0
          128         6                227.457    3         1
          129         6                228.648    3         1
          130         6                229.542    3         1
          131         6                231.064    3         1
          132         6                236.623    3         0
          133         6                 237.46    3         1
          134         6                239.522    3         0
          135         6                240.314    3         1
          136         6                243.857    3         0
          137         6                244.241    3         1
          138         6                246.385    3         1
          139         6                250.796    3         0
          140         6                251.642    3         1
          141         6                253.136    3         1
          142         6                254.315    3         0
          143         6                255.656    3         1
          144         6                260.223    3         0
          145         6                 261.27    3         0
          146         6                262.335    3         1
          147         6                265.339    3         0
          148         6                266.531    3         1
          149         6                269.027    3         0
          150         6                269.441    3         1
          151         6                271.235    3         1
          152         6                274.169    3         1
          153         6                275.723    3         1
          154         6                280.066    3         0
          155         6                 280.75    3         1
          156         6                284.443    3         1
          157         6                285.384    3         0
          158         6                286.491    3         1
          159         6                290.704    3         1
          160         6                292.791    3         1
          161         6                294.919    3         1
          162         6                297.337    3         1
          163         6                298.409    3         1
          164         6                 301.24    3         0
          165         6                302.025    3         0
          166         6                302.894    3         1
          167         6                 306.31    3         1
          168         6                 308.02    3         1
          169         6                309.472    3         1
