Segment_Index Playback_Start Quality_Level
            0         2.2259             0
            1         4.2259             0
            2         6.2259             0
            3         8.2259             0
            4        10.2259             0
            5        12.2259             0
            6        14.2259             0
            7        16.2259             0
            8        18.2259             0
            9        20.2259             0
           10        22.2259             0
           11        24.2259             0
           12        26.2259             0
           13        28.2259             0
           14        30.2259             0
           15        32.2259             0
           16        34.2259             0
           17        36.2259             0
           18        38.2259             0
           19        40.2259             0
           20        42.2259             1
           21        44.2259             1
           22        46.2259             1
           23        48.2259             1
           24        50.2259             1
           25        52.2259             1
           26        54.2259             2
           27        56.2259             2
           28        58.2259             2
           29        60.2259             2
           30        62.2259             2
           31        64.2259             2
           32        66.2259             3
           33        68.2259             3
           34        70.2259             3
           35        72.2259             3
           36        74.2259             3
           37        76.2259             3
           38        78.2259             4
           39        80.2259             4
           40        82.2259             4
           41        84.2259             4
           42        86.2259             4
           43        88.2259             4
           44        90.2259             5
           45        92.2259             5
           46        94.2259             5
           47        96.2259             5
           48        98.2259             5
           49        100.226             5
           50        102.226             6
           51        104.226             6
           52        106.226             6
           53        108.226             6
           54        110.226             6
           55        112.226             6
           56        114.226             6
           57        116.226             7
           58        118.226             6
           59        120.226             6
           60        122.226             6
           61        124.226             6
           62        126.226             6
           63        128.226             6
           64        130.226             7
           65        132.226             7
           66        134.226             7
           67        136.226             7
           68        138.226             7
           69        140.226             7
           70        142.226             7
           71        144.226             7
           72        146.226             7
           73        148.226             7
           74        150.226             7
           75        152.226             6
           76        154.226             6
           77        156.226             6
           78        158.226             6
           79        160.226             6
           80        162.226             6
           81        164.226             7
           82        166.226             6
           83        168.226             6
           84        170.226             6
           85        172.226             6
           86        174.226             6
           87        176.226             6
           88        178.226             7
           89        180.226             6
           90        182.226             6
           91        184.226             6
           92        186.226             6
           93        188.226             6
           94        190.226             6
           95        192.226             7
           96        194.226             7
           97        196.226             7
           98        198.226             7
           99        200.226             7
          100        202.226             7
          101        204.226             7
          102        206.226             7
          103        208.226             7
          104        210.226             7
          105        212.226             7
          106        214.226             7
          107        216.226             7
          108        218.226             7
          109        220.226             7
          110        222.226             7
          111        224.226             7
          112        226.226             7
          113        228.226             7
          114        230.226             7
          115        232.226             7
          116        234.226             7
          117        236.226             7
          118        238.226             7
          119        240.226             7
          120        242.226             7
          121        244.226             7
          122        246.226             7
          123        248.226             7
          124        250.226             7
          125        252.226             7
          126        254.226             7
          127        256.226             7
          128        258.226             7
          129        260.226             7
          130        262.226             7
          131        264.226             7
          132        266.226             7
          133        268.226             7
          134        270.226             7
          135        272.226             7
          136        274.226             7
          137        276.226             7
          138        278.226             7
          139        280.226             7
          140        282.226             7
          141        284.226             7
          142        286.226             7
          143        288.226             7
          144        290.226             7
          145        292.226             7
          146        294.226             7
          147        296.226             7
          148        298.226             7
          149        300.226             7
          150        302.226             7
          151        304.226             7
          152        306.226             7
          153        308.226             7
          154        310.226             7
          155        312.226             7
          156        314.226             7
          157        316.226             7
          158        318.226             7
          159        320.226             7
          160        322.226             7
          161        324.226             7
          162        326.226             7
          163        328.226             7
          164        330.226             7
          165        332.226             7
          166        334.226             7
          167        336.226             7
          168        338.226             7
          169        340.226             7
          170        342.226             7
          171        344.226             7
          172        346.226             7
          173        348.226             7
          174        350.226             7
          175        352.226             7
          176        354.226             7
          177        356.226             7
          178        358.226             7
          179        360.226             7
          180        362.226             7
          181        364.226             7
          182        366.226             7
          183        368.226             7
          184        370.226             7
          185        372.226             7
          186        374.226             7
          187        376.226             7
          188        378.226             7
          189        380.226             7
          190        382.226             7
          191        384.226             7
          192        386.226             7
          193        388.226             7
          194        390.226             7
          195        392.226             7
          196        394.226             7
          197        396.226             7
          198        398.226             7
          199        400.226             7
          200        402.226             7
          201        404.226             7
          202        406.226             7
          203        408.226             7
          204        410.226             7
          205        412.226             7
          206        414.226             7
          207        416.226             7
          208        418.226             7
          209        420.226             7
          210        422.226             7
          211        424.226             7
          212        426.226             7
          213        428.226             7
          214        430.226             7
          215        432.226             7
          216        434.226             7
          217        436.226             7
          218        438.226             7
          219        440.226             7
          220        442.226             7
          221        444.226             7
