Segment_Index Download_Request_Sent Download_Start Download_End Segment_Size Download_OK
            0               2.10575        2.19702       2.2259         3128           Y
            1                2.2259         2.3163      2.51921        44788           Y
            2               2.51921        2.60975      2.70441        83412           Y
            3               2.70441        2.79492      2.80324        92274           Y
            4               2.80324        2.89372      2.89935        56210           Y
            5               2.89935        2.98987       2.9953        56494           Y
            6                2.9953        3.08576      3.09029        43658           Y
            7               3.09029        3.18071      3.18404        32596           Y
            8               3.18404        3.27465      3.27879        41642           Y
            9               3.27879         3.3694      3.37306        33180           Y
           10               3.37306        3.46362      3.47051        76042           Y
           11               3.47051        3.56121      3.56765        67382           Y
           12               3.56765        3.65852      3.66447        62090           Y
           13               3.66447        3.75505      3.75915        42838           Y
           14               3.75915        3.84971      3.85475        51568           Y
           15               3.85475        3.94515      3.95305        85324           Y
           16               3.95305        4.04354      4.05156        82874           Y
           17               4.05156         4.1421      4.15102        94430           Y
           18               4.15102        4.24165      4.25159       110584           Y
           19               4.25159        4.34209      4.35264       104602           Y
           20               4.35264        4.44313      4.45354       112556           Y
           21               4.45354        4.54411      4.56224       204056           Y
           22                8.2259        8.31621      8.35539       412512           Y
           23               10.3554        10.4457      10.4825       367926           Y
           24               12.4825        12.5728      12.5999       309250           Y
           25               14.5999        14.6902      14.7151       287796           Y
           26               14.7151        14.8056      14.8308       288064           Y
           27               14.8308        14.9214       14.973       594824           Y
           28                16.973        17.0633      17.1102       540494           Y
           29               17.1102        17.2011      17.3122      1163788           Y
           30               19.3122        19.4025      19.4725       817018           Y
           31               21.4725        21.5628      21.6455       976766           Y
           32               23.6455        23.7358      23.8452      1161540           Y
           33               23.8452        23.9359      24.0717      1489546           Y
           34               26.0717         26.162      26.3328      1728682           Y
           35               28.3328        28.4231      28.5094      1009416           Y
           36               30.5094        30.5997      30.7185      1235548           Y
           37               32.7185        32.8088      32.8908       967432           Y
           38               34.8908        34.9811      35.0651       994276           Y
           39               37.0651        37.1554      37.2398       991678           Y
           40               37.2398        37.3309      37.6247      3073966           Y
           41               39.6247        39.7151      40.0577      3354800           Y
           42               42.0577         42.148      42.4984      3386394           Y
           43               44.4984        44.5887      44.8447      2745306           Y
           44               46.8447        46.9351      47.1184      2035694           Y
           45               49.1184        49.2087       49.521      2548164           Y
           46                51.521        51.6113      51.9193      2951676           Y
           47               53.9193        54.0096      54.2873      2810914           Y
           48               56.2873        56.3776      56.7716      3905126           Y
           49               58.7716        58.8619      59.1912      3405868           Y
           50               61.1912        61.2815      61.5033      1922972           Y
           51               63.5033        63.5936      63.6565       737200           Y
           52               65.6565        65.7468      66.2204      4752738           Y
           53               68.2204        68.3107      69.1504      8527054           Y
           54               71.1504        71.2407      72.0233      7697808           Y
           55               74.0233        74.1136      75.1042      9737424           Y
           56               77.1042        77.1946      78.0808      9012976           Y
           57               80.0808        80.1711       81.192      9409366           Y
           58                83.192        83.2824      84.0795      7691190           Y
           59               86.0795        86.1698      86.5372      3602870           Y
           60               88.5372        88.6275      89.3375      7112776           Y
           61               91.3375        91.4278      92.2688      8926608           Y
           62               94.2688        94.3591      94.8954      4893090           Y
           63               96.8954        96.9857      97.4195      4411542           Y
           64               99.4195        99.5098      100.191      6075804           Y
           65               102.191        102.281      102.721      4308440           Y
           66               104.226        104.316       104.68      3460970           Y
           67               106.226        106.316      106.446      1426454           Y
           68               108.226        108.316      108.411      1051374           Y
           69               110.226        110.316      110.972      6650934           Y
           70               112.226        112.316       113.15      7918856           Y
           71               114.226        114.316      114.711      4176020           Y
           72               116.226        116.316       116.89      5786550           Y
           73               118.226        118.316        118.5      1923896           Y
           74               120.226        120.316       120.32        37088           Y
           75               122.226        122.316      122.656      3635360           Y
           76               124.226        124.316      125.154      8654442           Y
           77               126.226        126.316      127.208      8776046           Y
           78               128.226        128.316      129.157      8102772           Y
           79               130.226        130.316      131.277      9722294           Y
           80               132.226        132.316      133.281      9609384           Y
           81               134.226        134.316      134.832      5252370           Y
           82               136.226        136.316      136.854      5225936           Y
           83               138.226        138.316      138.964      6490310           Y
           84               140.226        140.316      140.811      4852056           Y
           85               142.226        142.316      142.745      4148502           Y
           86               144.226        144.316       144.83      5010908           Y
           87               146.226        146.316      147.079      7163198           Y
           88               148.226        148.316      149.112      7585548           Y
           89               150.226        150.316      151.389     10126692           Y
           90               152.226        152.316      153.018      6930482           Y
           91               154.226        154.316      155.467     11127882           Y
           92               156.226        156.316      157.074      7279548           Y
           93               158.226        158.316      158.939      6359458           Y
           94               160.226        160.316      161.506     11685180           Y
           95               162.226        162.316      162.767      4534484           Y
           96               164.226        164.316      165.098      7127392           Y
           97               166.226        166.316       167.13      7978342           Y
           98               168.226        168.316       168.84      5155032           Y
           99               170.226        170.316      171.096      8009532           Y
          100               172.226        172.316      173.361     10367848           Y
          101               174.226        174.316      174.866      5836330           Y
          102               176.226        176.316      176.609      3131786           Y
          103               178.226        178.316      178.721      4112218           Y
          104               180.226        180.316      180.792      4706564           Y
          105               182.226        182.316      182.788      4846722           Y
          106               184.226        184.316      184.958      6111416           Y
          107               186.226        186.316      186.856      5587704           Y
          108               188.226        188.316      189.102      7334824           Y
          109               190.226        190.316      190.826      4916198           Y
          110               192.226        192.316      192.549      2488000           Y
          111               194.226        194.316       194.52      2005750           Y
          112               196.226        196.316      196.382       770086           Y
          113               198.226        198.316      198.373       641594           Y
          114               200.226        200.316       200.38       747634           Y
          115               202.226        202.316      202.395       920510           Y
          116               204.226        204.316      204.565      2547680           Y
          117               204.565        204.656      205.024      3729996           Y
          118               207.024        207.114      207.648      4815334           Y
          119               209.648        209.738      210.024      2843380           Y
          120               212.024        212.114      212.536      4299244           Y
          121               214.226        214.316      214.655      3195050           Y
          122               216.226        216.316      216.526      2242844           Y
          123               218.226        218.316      218.424      1165214           Y
          124               220.226        220.316      221.028      6800018           Y
          125               222.226        222.316        222.8      5045272           Y
          126               224.226        224.316        224.8      5010970           Y
          127               226.226        226.316      226.808      4716982           Y
          128               228.226        228.316      228.823      5041212           Y
          129               230.226        230.316      230.755      4422072           Y
          130               232.226        232.316      232.676      3766422           Y
          131               234.226        234.316      234.616      3155806           Y
          132               236.226        236.316      236.724      4153232           Y
          133               238.226        238.316      238.757      4274608           Y
          134               240.226        240.316      240.702      3903466           Y
          135               242.226        242.316      242.716      4194944           Y
          136               244.226        244.316      244.471      1640676           Y
          137               246.226        246.316      246.604      2766674           Y
          138               248.226        248.316        248.7      3932322           Y
          139               250.226        250.316       250.72      4199492           Y
          140               252.226        252.316      252.512      2107740           Y
          141               254.226        254.316       254.71      4117966           Y
          142               256.226        256.316      257.006      6963336           Y
          143               258.226        258.316      258.951      5620138           Y
          144               260.226        260.316      260.893      5305968           Y
          145               262.226        262.316      262.872      5409740           Y
          146               264.226        264.316      264.789      4772436           Y
          147               266.226        266.316       266.93      6135164           Y
          148               268.226        268.316      268.751      4579268           Y
          149               270.226        270.316      270.491      1795422           Y
          150               272.226        272.316      272.648      3444382           Y
          151               274.226        274.316      274.691      3450010           Y
          152               276.226        276.316      276.683      3269908           Y
          153               278.226        278.316      278.643      3467588           Y
          154               280.226        280.316      280.637      3308552           Y
          155               282.226        282.316      282.555      2244422           Y
          156               284.226        284.316      284.607      2926848           Y
          157               286.226        286.316      286.875      5592628           Y
          158               288.226        288.316      288.778      4413426           Y
          159               290.226        290.316      290.597      2796880           Y
          160               292.226        292.316      292.671      3660504           Y
          161               294.226        294.316      295.025      7533248           Y
          162               296.226        296.316      296.824      5010154           Y
          163               298.226        298.316      298.851      5411976           Y
          164               300.226        300.316      300.687      3869402           Y
          165               302.226        302.316      302.739      4344394           Y
          166               304.226        304.316      305.026      6905924           Y
          167               306.226        306.316      306.943      5947576           Y
          168               308.226        308.316      308.952      6182400           Y
          169               310.226        310.316       310.98      6475082           Y
          170               312.226        312.316      312.939      6455982           Y
          171               314.226        314.316      314.707      3714282           Y
          172               316.226        316.316      316.704      3994506           Y
          173               318.226        318.316      318.726      4209008           Y
          174               320.226        320.316      320.798      4729682           Y
          175               322.226        322.316      322.496      1848218           Y
          176               324.226        324.316      324.503      1983640           Y
          177               326.226        326.316      326.555      2567612           Y
          178               328.226        328.316      328.543      2404088           Y
          179               330.226        330.316      330.511      2106070           Y
          180               332.226        332.316      332.586      2660432           Y
          181               334.226        334.316      334.598      2403346           Y
          182               336.226        336.316      336.455      1534600           Y
          183               338.226        338.316      338.395       913140           Y
          184               340.226        340.316      340.482      1110714           Y
          185               342.226        342.316      342.443      1103382           Y
          186               344.226        344.316      344.506      1653844           Y
          187               346.226        346.316      346.723      3939210           Y
          188               348.226        348.316      348.745      3738582           Y
          189               350.226        350.316      351.284      9606526           Y
          190               352.226        352.316        353.2      8941710           Y
          191               354.226        354.316      355.351      9684976           Y
          192               356.226        356.316      357.322     10111356           Y
          193               358.226        358.316      359.175      8788462           Y
          194               360.226        360.316      361.478     11637172           Y
          195               362.226        362.316      363.151      7949250           Y
          196               364.226        364.316      364.891      5374578           Y
          197               366.226        366.316      366.644      3452472           Y
          198               368.226        368.316      368.799      4571072           Y
          199               370.226        370.316      370.521      2247484           Y
          200               372.226        372.316      372.595      2899326           Y
          201               374.226        374.316      374.553      2508070           Y
          202               376.226        376.316      376.625      3180516           Y
          203               378.226        378.316      378.487      1835380           Y
          204               380.226        380.316      380.464      1493684           Y
          205               382.226        382.316      382.442      1353300           Y
          206               384.226        384.316      384.515      1930332           Y
          207               386.226        386.316      386.501      1771204           Y
          208               388.226        388.316      388.499      1765204           Y
          209               390.226        390.316      390.513      2117030           Y
          210               392.226        392.316       392.35       382526           Y
          211               394.226        394.316      394.452      1477660           Y
          212               396.226        396.316       396.52      2094178           Y
          213               398.226        398.316      398.499      1983954           Y
          214               400.226        400.316      400.603      3019654           Y
          215               402.226        402.316      402.646      3459742           Y
          216               404.226        404.316      404.715      4165700           Y
          217               406.226        406.316      406.673      3760282           Y
          218               408.226        408.316      408.327       118290           Y
          219               410.226        410.316      410.514      2046476           Y
          220               412.226        412.316      412.557      2623830           Y
          221               414.226        414.316       414.91      5588586           Y
