Segment_Index Playback_Start Quality_Level
            0        2.22586             0
            1        4.22586             0
            2        6.22586             0
            3        8.22586             0
            4        10.2259             0
            5        12.2259             0
            6        14.2259             0
            7        16.2259             0
            8        18.2259             0
            9        20.2259             0
           10        22.2259             1
           11        24.2259             1
           12        26.2259             1
           13        28.2259             1
           14        30.2259             1
           15        32.2259             1
           16        34.2259             1
           17        36.2259             1
           18        38.2259             1
           19        40.2259             1
           20        42.2259             1
           21        44.2259             1
           22        46.2259             2
           23        48.2259             2
           24        50.2259             2
           25        52.2259             2
           26        54.2259             2
           27        56.2259             3
           28        58.2259             3
           29        60.2259             3
           30        62.2259             4
           31        64.2259             4
           32        66.2259             4
           33        68.2259             4
           34        70.2259             4
           35        72.2259             4
           36        74.2259             5
           37        76.2259             5
           38        78.2259             5
           39        80.2259             5
           40        82.2259             5
           41        84.2259             5
           42        86.2259             5
           43        88.2259             5
           44        90.2259             5
           45        92.2259             5
           46        94.2259             5
           47        96.2259             5
           48        98.2259             5
           49        100.226             5
           50        102.226             5
           51        104.226             5
           52        106.226             5
           53        108.226             5
           54        110.226             5
           55        112.226             5
           56        114.226             5
           57        116.226             5
           58        118.226             5
           59        120.226             5
           60        122.226             5
           61        124.226             5
           62        126.226             5
           63        128.226             5
           64        130.226             5
           65        132.226             5
           66        134.226             5
           67        136.226             5
           68        138.226             5
           69        140.226             5
           70        142.226             5
           71        144.226             5
           72        146.226             5
           73        148.226             5
           74        150.226             5
           75        152.226             5
           76        154.226             5
           77        156.226             5
           78        158.226             5
           79        160.226             5
           80        162.226             5
           81        164.226             5
           82        166.226             5
           83        168.226             5
           84        170.226             5
           85        172.226             5
           86        174.226             5
           87        176.226             5
           88        178.226             5
           89        180.226             5
           90        182.226             5
           91        184.226             5
           92        186.226             5
           93        188.226             5
           94        190.226             5
           95        192.226             5
           96        194.226             5
           97        196.226             5
           98        198.226             5
           99        200.226             5
          100        202.226             5
          101        204.226             5
          102        206.226             5
          103        208.226             5
          104        210.226             5
          105        212.226             5
          106        214.226             5
          107        216.226             5
          108        218.226             5
          109        220.226             5
          110        222.226             5
          111        224.226             5
          112        226.226             5
          113        228.226             5
          114        230.226             5
          115        232.226             5
          116        234.226             5
          117        236.226             5
          118        238.226             5
          119        240.226             5
          120        242.226             5
          121        244.226             5
          122        246.226             5
          123        248.226             5
          124        250.226             5
          125        252.226             5
          126        254.226             5
          127        256.226             5
          128        258.226             5
          129        260.226             5
          130        262.226             5
          131        264.226             5
          132        266.226             5
          133        268.226             5
          134        270.226             5
          135        272.226             5
          136        274.226             5
          137        276.226             5
          138        278.226             5
          139        280.226             5
          140        282.226             5
          141        284.226             5
          142        286.226             5
          143        288.226             5
          144        290.226             5
          145        292.226             5
          146        294.226             5
          147        296.226             5
          148        298.226             5
          149        300.226             5
          150        302.226             5
          151        304.226             5
          152        306.226             5
          153        308.226             5
          154        310.226             5
          155        312.226             5
          156        314.226             5
          157        316.226             5
          158        318.226             5
          159        320.226             5
          160        322.226             5
          161        324.226             5
          162        326.226             5
          163        328.226             5
          164        330.226             5
          165        332.226             5
          166        334.226             5
          167        336.226             5
          168        338.226             5
          169        340.226             5
          170        342.226             5
          171        344.226             5
          172        346.226             5
          173        348.226             5
          174        350.226             5
          175        352.226             5
          176        354.226             5
          177        356.226             5
          178        358.226             5
          179        360.226             5
          180        362.226             5
          181        364.226             5
          182        366.226             5
          183        368.226             5
          184        370.226             5
          185        372.226             5
          186        374.226             5
          187        376.226             5
          188        378.226             5
          189        380.226             5
          190        382.226             5
          191        384.226             5
          192        386.226             5
          193        388.226             5
          194        390.226             5
          195        392.226             5
          196        394.226             5
          197        396.226             5
          198        398.226             5
          199        400.226             5
          200        402.226             5
          201        404.226             5
          202        406.226             5
          203        408.226             5
          204        410.226             5
          205        412.226             5
          206        414.226             5
          207        416.226             5
          208        418.226             5
          209        420.226             5
          210        422.226             5
          211        424.226             5
          212        426.226             5
          213        428.226             5
          214        430.226             5
          215        432.226             5
          216        434.226             5
          217        436.226             5
          218        438.226             5
          219        440.226             5
          220        442.226             5
          221        444.226             5
