Segment_Index Rep_Level Decision_Point_Of_Time Case DelayCase
            0         0                2.10575    0         0
            1         0                 2.2259    0         0
            2         0                2.51921    0         0
            3         0                2.70441    0         0
            4         0                2.80324    0         0
            5         0                2.89935    0         0
            6         0                 2.9953    0         0
            7         0                3.09029    0         0
            8         0                3.18404    0         0
            9         0                3.27879    0         0
           10         1                3.37306    2         0
           11         1                3.47051    0         0
           12         1                3.56765    0         0
           13         1                3.66447    0         0
           14         1                3.75915    0         0
           15         1                3.85475    0         0
           16         1                3.95305    0         0
           17         1                4.05156    0         0
           18         1                4.15102    0         0
           19         1                4.25159    0         0
           20         1                4.35264    0         0
           21         1                4.45354    0         0
           22         2                4.56224    3         1
           23         2                8.35539    0         2
           24         2                10.4825    0         2
           25         2                12.5999    0         2
           26         2                14.7151    0         0
           27         3                14.8308    6         0
           28         3                 14.973    0         3
           29         4                17.1102    6         0
           30         4                17.3122    0         3
           31         4                19.4725    0         3
           32         4                21.6455    0         3
           33         5                23.8452    6         0
           34         5                24.0717    0         3
           35         5                26.3328    0         3
           36         5                28.5094    0         3
           37         5                30.7185    0         3
           38         5                32.8908    0         3
           39         5                35.0651    0         3
           40         6                37.2398    6         0
           41         6                37.6247    0         3
           42         6                40.0577    0         3
           43         6                42.4984    0         3
           44         6                44.8447    0         3
           45         6                47.1184    0         3
           46         6                 49.521    0         3
           47         6                51.9193    0         3
           48         6                54.2873    0         3
           49         6                56.7716    0         3
           50         6                59.1912    0         3
           51         6                61.5033    0         3
           52         6                63.6565    0         3
           53         6                66.2204    0         3
           54         6                69.1504    0         3
           55         6                72.0233    0         3
           56         6                75.1042    0         2
           57         6                78.0808    0         2
           58         6                 81.192    0         2
           59         6                84.0795    0         2
           60         6                86.5372    0         2
           61         6                89.3375    0         2
           62         6                92.2688    0         2
           63         6                94.8954    0         2
           64         6                97.4195    0         2
           65         6                100.191    0         2
           66         6                102.721    0         2
           67         6                 104.68    0         2
           68         6                106.446    0         2
           69         6                108.411    0         2
           70         6                110.972    0         2
           71         6                 113.15    0         2
           72         6                114.711    0         2
           73         6                 116.89    0         2
           74         6                  118.5    0         2
           75         6                 120.32    0         2
           76         6                122.656    0         2
           77         6                125.154    0         2
           78         6                127.208    0         2
           79         6                129.157    0         2
           80         6                131.277    0         2
           81         6                133.281    0         2
           82         6                134.832    0         2
           83         6                136.854    0         2
           84         6                138.964    0         2
           85         6                140.811    0         2
           86         6                142.745    0         2
           87         6                 144.83    0         2
           88         6                147.079    0         2
           89         6                149.112    0         2
           90         6                151.389    0         2
           91         6                153.018    0         2
           92         6                155.467    0         2
           93         6                157.074    0         2
           94         6                158.939    0         2
           95         6                161.506    0         2
           96         6                162.767    0         2
           97         6                165.098    0         2
           98         6                 167.13    0         2
           99         6                 168.84    0         2
          100         6                171.096    0         2
          101         6                173.361    0         2
          102         6                174.866    0         2
          103         6                176.609    0         2
          104         6                178.721    0         2
          105         6                180.792    0         2
          106         6                182.788    0         2
          107         6                184.958    0         2
          108         6                186.856    0         2
          109         6                189.102    0         2
          110         6                190.826    0         2
          111         6                192.549    0         2
          112         6                 194.52    0         2
          113         6                196.382    0         2
          114         6                198.373    0         2
          115         6                 200.38    0         2
          116         6                202.395    0         2
          117         6                204.565    0         0
          118         6                205.024    0         2
          119         6                207.648    0         2
          120         6                210.024    0         2
          121         6                212.536    0         2
          122         6                214.655    0         2
          123         6                216.526    0         2
          124         6                218.424    0         2
          125         6                221.028    0         2
          126         6                  222.8    0         2
          127         6                  224.8    0         2
          128         6                226.808    0         2
          129         6                228.823    0         2
          130         6                230.755    0         2
          131         6                232.676    0         2
          132         6                234.616    0         2
          133         6                236.724    0         2
          134         6                238.757    0         2
          135         6                240.702    0         2
          136         6                242.716    0         2
          137         6                244.471    0         2
          138         6                246.604    0         2
          139         6                  248.7    0         2
          140         6                 250.72    0         2
          141         6                252.512    0         2
          142         6                 254.71    0         2
          143         6                257.006    0         2
          144         6                258.951    0         2
          145         6                260.893    0         2
          146         6                262.872    0         2
          147         6                264.789    0         2
          148         6                 266.93    0         2
          149         6                268.751    0         2
          150         6                270.491    0         2
          151         6                272.648    0         2
          152         6                274.691    0         2
          153         6                276.683    0         2
          154         6                278.643    0         2
          155         6                280.637    0         2
          156         6                282.555    0         2
          157         6                284.607    0         2
          158         6                286.875    0         2
          159         6                288.778    0         2
          160         6                290.597    0         2
          161         6                292.671    0         2
          162         6                295.025    0         2
          163         6                296.824    0         2
          164         6                298.851    0         2
          165         6                300.687    0         2
          166         6                302.739    0         2
          167         6                305.026    0         2
          168         6                306.943    0         2
          169         6                308.952    0         2
          170         6                 310.98    0         2
          171         6                312.939    0         2
          172         6                314.707    0         2
          173         6                316.704    0         2
          174         6                318.726    0         2
          175         6                320.798    0         2
          176         6                322.496    0         2
          177         6                324.503    0         2
          178         6                326.555    0         2
          179         6                328.543    0         2
          180         6                330.511    0         2
          181         6                332.586    0         2
          182         6                334.598    0         2
          183         6                336.455    0         2
          184         6                338.395    0         2
          185         6                340.482    0         2
          186         6                342.443    0         2
          187         6                344.506    0         2
          188         6                346.723    0         2
          189         6                348.745    0         2
          190         6                351.284    0         2
          191         6                  353.2    0         2
          192         6                355.351    0         2
          193         6                357.322    0         2
          194         6                359.175    0         2
          195         6                361.478    0         2
          196         6                363.151    0         2
          197         6                364.891    0         2
          198         6                366.644    0         2
          199         6                368.799    0         2
          200         6                370.521    0         2
          201         6                372.595    0         2
          202         6                374.553    0         2
          203         6                376.625    0         2
          204         6                378.487    0         2
          205         6                380.464    0         2
          206         6                382.442    0         2
          207         6                384.515    0         2
          208         6                386.501    0         2
          209         6                388.499    0         2
          210         6                390.513    0         2
          211         6                 392.35    0         2
          212         6                394.452    0         2
          213         6                 396.52    0         2
          214         6                398.499    0         2
          215         6                400.603    0         2
          216         6                402.646    0         2
          217         6                404.715    0         2
          218         6                406.673    0         2
          219         6                408.327    0         2
          220         6                410.514    0         2
          221         6                412.557    0         2
