Segment_Index Playback_Start Quality_Level
            0         2.2259             0
            1         4.2259             0
            2         6.2259             0
            3         8.2259             0
            4        10.2259             0
            5        12.2259             0
            6        14.2259             0
            7        16.2259             0
            8        18.2259             0
            9        20.2259             0
           10        22.2259             1
           11        24.2259             1
           12        26.2259             1
           13        28.2259             1
           14        30.2259             1
           15        32.2259             1
           16        34.2259             1
           17        36.2259             1
           18        38.2259             1
           19        40.2259             1
           20        42.2259             1
           21        44.2259             1
           22        46.2259             2
           23        48.2259             2
           24        50.2259             2
           25        52.2259             2
           26        54.2259             2
           27        56.2259             3
           28        58.2259             3
           29        60.2259             4
           30        62.2259             4
           31        64.2259             4
           32        66.2259             4
           33        68.2259             5
           34        70.2259             5
           35        72.2259             5
           36        74.2259             5
           37        76.2259             5
           38        78.2259             5
           39        80.2259             5
           40        82.2259             6
           41        84.2259             6
           42        86.2259             6
           43        88.2259             6
           44        90.2259             6
           45        92.2259             6
           46        94.2259             6
           47        96.2259             6
           48        98.2259             6
           49        100.226             6
           50        102.226             6
           51        104.226             6
           52        106.226             6
           53        108.226             6
           54        110.226             6
           55        112.226             6
           56        114.226             6
           57        116.226             6
           58        118.226             6
           59        120.226             6
           60        122.226             6
           61        124.226             6
           62        126.226             6
           63        128.226             6
           64        130.226             6
           65        132.226             6
           66        134.226             6
           67        136.226             6
           68        138.226             6
           69        140.226             6
           70        142.226             6
           71        144.226             6
           72        146.226             6
           73        148.226             6
           74        150.226             6
           75        152.226             6
           76        154.226             6
           77        156.226             6
           78        158.226             6
           79        160.226             6
           80        162.226             6
           81        164.226             6
           82        166.226             6
           83        168.226             6
           84        170.226             6
           85        172.226             6
           86        174.226             6
           87        176.226             6
           88        178.226             6
           89        180.226             6
           90        182.226             6
           91        184.226             6
           92        186.226             6
           93        188.226             6
           94        190.226             6
           95        192.226             6
           96        194.226             6
           97        196.226             6
           98        198.226             6
           99        200.226             6
          100        202.226             6
          101        204.226             6
          102        206.226             6
          103        208.226             6
          104        210.226             6
          105        212.226             6
          106        214.226             6
          107        216.226             6
          108        218.226             6
          109        220.226             6
          110        222.226             6
          111        224.226             6
          112        226.226             6
          113        228.226             6
          114        230.226             6
          115        232.226             6
          116        234.226             6
          117        236.226             6
          118        238.226             6
          119        240.226             6
          120        242.226             6
          121        244.226             6
          122        246.226             6
          123        248.226             6
          124        250.226             6
          125        252.226             6
          126        254.226             6
          127        256.226             6
          128        258.226             6
          129        260.226             6
          130        262.226             6
          131        264.226             6
          132        266.226             6
          133        268.226             6
          134        270.226             6
          135        272.226             6
          136        274.226             6
          137        276.226             6
          138        278.226             6
          139        280.226             6
          140        282.226             6
          141        284.226             6
          142        286.226             6
          143        288.226             6
          144        290.226             6
          145        292.226             6
          146        294.226             6
          147        296.226             6
          148        298.226             6
          149        300.226             6
          150        302.226             6
          151        304.226             6
          152        306.226             6
          153        308.226             6
          154        310.226             6
          155        312.226             6
          156        314.226             6
          157        316.226             6
          158        318.226             6
          159        320.226             6
          160        322.226             6
          161        324.226             6
          162        326.226             6
          163        328.226             6
          164        330.226             6
          165        332.226             6
          166        334.226             6
          167        336.226             6
          168        338.226             6
          169        340.226             6
          170        342.226             6
          171        344.226             6
          172        346.226             6
          173        348.226             6
          174        350.226             6
          175        352.226             6
          176        354.226             6
          177        356.226             6
          178        358.226             6
          179        360.226             6
          180        362.226             6
          181        364.226             6
          182        366.226             6
          183        368.226             6
          184        370.226             6
          185        372.226             6
          186        374.226             6
          187        376.226             6
          188        378.226             6
          189        380.226             6
          190        382.226             6
          191        384.226             6
          192        386.226             6
          193        388.226             6
          194        390.226             6
          195        392.226             6
          196        394.226             6
          197        396.226             6
          198        398.226             6
          199        400.226             6
          200        402.226             6
          201        404.226             6
          202        406.226             6
          203        408.226             6
          204        410.226             6
          205        412.226             6
          206        414.226             6
          207        416.226             6
          208        418.226             6
          209        420.226             6
          210        422.226             6
          211        424.226             6
          212        426.226             6
          213        428.226             6
          214        430.226             6
          215        432.226             6
          216        434.226             6
          217        436.226             6
          218        438.226             6
          219        440.226             6
          220        442.226             6
          221        444.226             6
