Segment_Index Download_Request_Sent Download_Start Download_End Segment_Size Download_OK
            0               2.10586        2.19736      2.22605         3128           Y
            1               2.22605        2.31657      2.51997        44788           Y
            2               2.51997        2.61053       2.7074        83412           Y
            3                2.7074        2.79882      2.81415        92274           Y
            4               2.81415         2.9047      2.91427        56210           Y
            5               2.91427        3.00497      3.01439        56494           Y
            6               3.01439        3.10504      3.11237        43658           Y
            7               3.11237        3.20295      3.20832        32596           Y
            8               3.20832        3.29899      3.30618        41642           Y
            9               3.30618        3.39694       3.4024        33180           Y
           10                3.4024        3.49304      3.49943        38444           Y
           11               3.49943        3.58997      3.60131        67382           Y
           12               3.60131        3.69186      3.70221        62090           Y
           13               3.70221        3.79273      3.80001        42838           Y
           14               3.80001        3.89082      3.89968        51568           Y
           15               3.89968        3.99041        4.005        85324           Y
           16                 4.005        4.09581      4.10974        82874           Y
           17               4.10974        4.20037      4.21621        94430           Y
           18               4.21621        4.30674      4.32519       110584           Y
           19               4.32519        4.41576      4.43326       104602           Y
           20               4.43326        4.52384      4.54293       112556           Y
           21               4.54293        4.63354      4.66772       204056           Y
           22               8.22605        8.31648      8.34575       170788           Y
           23               8.34575        8.43632      8.46002       142026           Y
           24               8.46002        8.55063      8.60233       309250           Y
           25               10.6023        10.6928      10.7411       287796           Y
           26               12.7411        12.8315      12.8796       288064           Y
           27               14.8796        14.9701      15.0172       280296           Y
           28               15.0172        15.1078       15.204       540494           Y
           29                17.204        17.2944      17.3913       543780           Y
           30               19.3913        19.4818      19.5442       372834           Y
           31               19.5442        19.6347      19.8049       976766           Y
           32               21.8049        21.8953      22.1025      1161540           Y
           33               24.1025         24.193       24.316       698234           Y
           34                26.316        26.4067      26.5647       905140           Y
           35               28.5647        28.6552      28.7375       490738           Y
           36               30.7375        30.8279      30.9414       634470           Y
           37               30.9414        31.0325      31.2024       967432           Y
           38               33.2024        33.2928      33.4669       994276           Y
           39               35.4669        35.5574       35.733       991678           Y
           40                37.733        37.8234      38.0368      1198642           Y
           41               40.0368        40.1272      40.3514      1260468           Y
           42               42.3514        42.4418      42.6831      1355492           Y
           43               44.6831        44.7735      44.9926      1216606           Y
           44               46.9926         47.083      47.2242       769760           Y
           45               49.2242        49.3146      49.4883       998702           Y
           46               51.4883        51.5788      51.7817      1138672           Y
           47               53.7817        53.8722      54.0697      1103682           Y
           48               56.0697        56.1601      56.4169      1441186           Y
           49               58.4169        58.5073      58.7143      1162574           Y
           50               60.7143        60.8047      60.9308       701398           Y
           51               62.9308        63.0212      63.0661       267270           Y
           52               65.0661        65.1566      65.4955      1911638           Y
           53               67.4955         67.586      68.2706      3809514           Y
           54               70.2706         70.361      70.8835      2908998           Y
           55               72.8835        72.9739      73.7153      4124046           Y
           56               75.7153        75.8057      76.4812      3757420           Y
           57               78.4812        78.5717      79.2245      3646514           Y
           58               81.2245        81.3149      81.8286      2863936           Y
           59               83.8286        83.9191      84.1692      1413148           Y
           60               86.1692        86.2596      86.7477      2735758           Y
           61               88.7477        88.8381      89.4836      3605436           Y
           62               91.4836        91.5741      91.9171      1927798           Y
           63               93.9171        94.0075      94.3378      1810158           Y
           64               96.3378        96.4282      96.8694      2468234           Y
           65               98.8694        98.9599      99.2531      1644128           Y
           66               101.253        101.344      101.576      1283582           Y
           67               103.576        103.666      103.781       645554           Y
           68               105.781        105.871      105.951       476182           Y
           69               107.951        108.042      108.558      2849792           Y
           70               110.558        110.648       111.22      3157680           Y
           71                113.22         113.31      113.608      1655086           Y
           72               115.608        115.698      116.136      2422030           Y
           73               118.136        118.226      118.379       865194           Y
           74               120.226        120.316       120.32        21740           Y
           75               122.226        122.316      122.618      1672964           Y
           76               124.226        124.316      124.937      3429076           Y
           77               126.226        126.316      126.969      3619938           Y
           78               128.226        128.316      128.943      3495936           Y
           79               130.226        130.316          131      3793936           Y
           80               132.226        132.316      132.972      3642068           Y
           81               134.226        134.316      134.784      2613222           Y
           82               136.226        136.316       136.76      2477740           Y
           83               138.226        138.316      138.827      2844468           Y
           84               140.226        140.316      140.722      2238952           Y
           85               142.226        142.316      142.649      1856964           Y
           86               144.226        144.316      144.695      2104104           Y
           87               146.226        146.316      146.774      2565686           Y
           88               148.226        148.316      148.886      3164702           Y
           89               150.226        150.316      151.042      4017534           Y
           90               152.226        152.316      152.849      2964310           Y
           91               154.226        154.316      155.116      4405610           Y
           92               156.226        156.316      156.869      3078792           Y
           93               158.226        158.316      158.793      2660794           Y
           94               160.226        160.316      161.139      4577932           Y
           95               162.226        162.316      162.616      1670978           Y
           96               164.226        164.316      164.875      3121956           Y
           97               166.226        166.316      166.983      3711576           Y
           98               168.226        168.316      168.695      2113830           Y
           99               170.226        170.316      170.887      3165496           Y
          100               172.226        172.316      173.021      3884196           Y
          101               174.226        174.316      174.734      2339512           Y
          102               176.226        176.316      176.581      1472964           Y
          103               178.226        178.316      178.594      1552708           Y
          104               180.226        180.316      180.611      1649486           Y
          105               182.226        182.316      182.662      1928648           Y
          106               184.226        184.316      184.797      2664290           Y
          107               186.226        186.316      186.742      2382926           Y
          108               188.226        188.316      188.792      2641274           Y
          109               190.226        190.316      190.626      1726200           Y
          110               192.226        192.316      192.508      1066390           Y
          111               194.226        194.316       194.47       861156           Y
          112               196.226        196.316      196.381       383238           Y
          113               198.226        198.316      198.371       325736           Y
          114               200.226        200.316      200.376       355820           Y
          115               202.226        202.316       202.39       437786           Y
          116               204.226        204.316      204.517      1120514           Y
          117               204.517        204.608      204.888      1565278           Y
          118               206.888        206.978      207.382      2246054           Y
          119               209.382        209.472      209.728      1439812           Y
          120               211.728        211.818      212.202      2092608           Y
          121               214.202        214.293      214.572      1562956           Y
          122               216.226        216.316      216.517      1099550           Y
          123               218.226        218.316      218.415       545526           Y
          124               220.226        220.316      220.923      3348426           Y
          125               222.226        222.316      222.773      2548652           Y
          126               224.226        224.316      224.785      2609818           Y
          127               226.226        226.316      226.754      2441370           Y
          128               228.226        228.316      228.761      2479116           Y
          129               230.226        230.316      230.697      2120604           Y
          130               232.226        232.316      232.625      1720670           Y
          131               234.226        234.316      234.581      1489034           Y
          132               236.226        236.316      236.656      1899890           Y
          133               238.226        238.316      238.624      1716682           Y
          134               240.226        240.316      240.572      1443298           Y
          135               242.226        242.316      242.613      1649440           Y
          136               244.226        244.316      244.449       749824           Y
          137               246.226        246.316      246.546      1287512           Y
          138               248.226        248.316      248.608      1621168           Y
          139               250.226        250.316      250.644      1811462           Y
          140               252.226        252.316      252.493       990190           Y
          141               254.226        254.316      254.644      1832646           Y
          142               256.226        256.316      256.876      3125862           Y
          143               258.226        258.316      258.756      2439334           Y
          144               260.226        260.316      260.737      2302404           Y
          145               262.226        262.316      262.728      2283298           Y
          146               264.226        264.316      264.688      2083042           Y
          147               266.226        266.316      266.788      2638298           Y
          148               268.226        268.316      268.654      1888154           Y
          149               270.226        270.316      270.464       838810           Y
          150               272.226        272.316      272.577      1465628           Y
          151               274.226        274.316      274.551      1321054           Y
          152               276.226        276.316      276.591      1531564           Y
          153               278.226        278.316      278.588      1536356           Y
          154               280.226        280.316       280.57      1427612           Y
          155               282.226        282.316       282.49       974274           Y
          156               284.226        284.316      284.534      1210618           Y
          157               286.226        286.316      286.764      2505438           Y
          158               288.226        288.316      288.693      2106386           Y
          159               290.226        290.316       290.54      1258916           Y
          160               292.226        292.316      292.602      1591920           Y
          161               294.226        294.316      294.903      3256720           Y
          162               296.226        296.316      296.718      2220868           Y
          163               298.226        298.316      298.715      2200020           Y
          164               300.226        300.316      300.604      1604814           Y
          165               302.226        302.316      302.616      1672490           Y
          166               304.226        304.316      304.836      2891308           Y
          167               306.226        306.316      306.784      2614254           Y
          168               308.226        308.316      308.828      2805362           Y
          169               310.226        310.316      310.741      2344458           Y
          170               312.226        312.316      312.713      2213208           Y
          171               314.226        314.316      314.557      1347990           Y
          172               316.226        316.316      316.566      1383444           Y
          173               318.226        318.316      318.614      1657150           Y
          174               320.226        320.316      320.605      1616186           Y
          175               322.226        322.316      322.457       791876           Y
          176               324.226        324.316      324.449       751246           Y
          177               326.226        326.316      326.476       911254           Y
          178               328.226        328.316       328.45       750422           Y
          179               330.226        330.316      330.425       603632           Y
          180               332.226        332.316      332.447       733442           Y
          181               334.226        334.316       334.44       690840           Y
          182               336.226        336.316      336.396       472776           Y
          183               338.226        338.316      338.374       341294           Y
          184               340.226        340.316      340.398       483174           Y
          185               342.226        342.316      342.393       453708           Y
          186               342.393        342.484      342.591       605806           Y
          187               342.591        342.682      342.948      1494720           Y
          188               344.948        345.039      345.266      1272124           Y
          189               347.266        347.356      348.082      4046808           Y
          190               350.082        350.172      350.849      3740994           Y
          191               352.849        352.939       353.65      3928406           Y
          192                355.65         355.74      356.485      4131498           Y
          193               358.226        358.316      359.007      3843068           Y
          194               360.226        360.316      361.127      4500754           Y
          195               362.226        362.316      362.888      3162366           Y
          196               364.226        364.316      364.687      2076624           Y
          197               366.226        366.316      366.549      1308272           Y
          198               368.226        368.316      368.633      1768866           Y
          199               370.226        370.316      370.481       936694           Y
          200               372.226        372.316      372.531      1201910           Y
          201               374.226        374.316      374.495      1023084           Y
          202               376.226        376.316      376.558      1361640           Y
          203               378.226        378.316      378.463       830002           Y
          204               380.226        380.316      380.433       654374           Y
          205               382.226        382.316       382.42       569596           Y
          206               384.226        384.316      384.461       820790           Y
          207               386.226        386.316      386.456       764302           Y
          208               388.226        388.316      388.457       787636           Y
          209               390.226        390.316      390.479       910580           Y
          210               392.226        392.316      392.342       152604           Y
          211               394.226        394.316      394.414       547486           Y
          212               396.226        396.316      396.456       784306           Y
          213               398.226        398.316      398.446       730232           Y
          214               400.226        400.316      400.509      1078612           Y
          215               402.226        402.316      402.524      1150454           Y
          216               404.226        404.316      404.609      1633210           Y
          217               406.226        406.316      406.637      1790694           Y
          218               408.226        408.316      408.324        42398           Y
          219               410.226        410.316      410.443       707788           Y
          220               412.226        412.316      412.469       869078           Y
          221               414.226        414.316      414.644      1822590           Y
