Segment_Index Rep_Level Decision_Point_Of_Time Case DelayCase
            0         0                2.10575    0         0
            1         0                 2.2259    0         0
            2         0                 2.5192    0         0
            3         0                 2.7044    0         0
            4         0                2.80324    0         0
            5         0                2.89922    0         0
            6         0                2.99536    0         0
            7         0                3.09009    0         0
            8         0                  3.184    0         0
            9         0                3.27876    0         0
           10         0                3.37375    0         0
           11         1                3.46827    3         0
           12         1                3.56499    0         0
           13         1                3.66146    0         0
           14         1                3.75615    0         0
           15         1                3.85166    0         0
           16         1                 3.9498    0         0
           17         1                4.04969    0         0
           18         1                4.14916    0         0
           19         1                4.25062    0         0
           20         1                4.35261    0         0
           21         1                4.45472    0         0
           22         1                4.56695    0         1
           23         1                8.33144    0         0
           24         2                8.43471    6         0
           25         2                8.55408    0         3
           26         2                10.6713    0         3
           27         2                12.7874    0         3
           28         3                 14.902    6         0
           29         3                15.0383    0         3
           30         3                17.1751    0         3
           31         4                 19.298    6         0
           32         4                 19.472    0         3
           33         4                21.6678    0         3
           34         5                23.8173    6         0
           35         5                24.0654    0         3
           36         5                26.2412    0         3
           37         5                28.4453    0         3
           38         5                30.6194    0         3
           39         5                32.7941    0         3
           40         6                34.9683    6         0
           41         6                35.3419    0         3
           42         6                37.7428    0         3
           43         6                40.1436    0         3
           44         6                42.4892    0         3
           45         6                44.7656    0         3
           46         6                47.0974    0         3
           47         6                49.4639    0         3
           48         6                 51.819    0         3
           49         6                 54.279    0         3
           50         6                56.6884    0         3
           51         6                58.9513    0         3
           52         6                61.1044    0         3
           53         6                63.6392    0         3
           54         6                66.5264    0         3
           55         6                69.3595    0         3
           56         6                72.3652    0         3
           57         6                75.3144    0         3
           58         6                78.3015    0         2
           59         6                 81.114    0         2
           60         6                83.5478    0         2
           61         6                86.3039    0         2
           62         6                 89.235    0         2
           63         6                91.7948    0         2
           64         6                94.3012    0         2
           65         6                96.9548    0         2
           66         6                99.4457    0         2
           67         6                101.859    0         2
           68         6                104.083    0         2
           69         6                106.268    0         2
           70         6                 108.98    0         2
           71         6                111.808    0         2
           72         6                114.287    0         2
           73         6                116.866    0         2
           74         6                118.493    0         2
           75         6                 120.32    0         2
           76         6                122.673    0         2
           77         6                125.134    0         2
           78         6                127.157    0         2
           79         6                129.081    0         2
           80         6                131.251    0         2
           81         6                133.216    0         2
           82         6                134.828    0         2
           83         6                136.809    0         2
           84         6                138.933    0         2
           85         6                140.776    0         2
           86         6                142.701    0         2
           87         6                144.792    0         2
           88         6                 146.98    0         2
           89         6                149.035    0         2
           90         6                151.271    0         2
           91         6                152.964    0         2
           92         6                 155.37    0         2
           93         6                157.008    0         2
           94         6                158.909    0         2
           95         6                161.437    0         2
           96         6                162.746    0         2
           97         6                164.988    0         2
           98         6                167.082    0         2
           99         6                168.795    0         2
          100         6                171.069    0         2
          101         6                173.311    0         2
          102         6                174.881    0         2
          103         6                176.613    0         2
          104         6                178.709    0         2
          105         6                180.748    0         2
          106         6                 182.78    0         2
          107         6                  184.9    0         2
          108         6                186.846    0         2
          109         6                 189.01    0         2
          110         6                190.787    0         2
          111         6                192.548    0         2
          112         6                194.501    0         2
          113         6                196.382    0         2
          114         6                198.372    0         2
          115         6                200.381    0         2
          116         6                202.395    0         2
          117         6                204.552    0         0
          118         6                204.997    0         2
          119         6                207.534    0         2
          120         6                209.895    0         2
          121         6                212.385    0         2
          122         6                214.608    0         2
          123         6                216.524    0         2
          124         6                218.424    0         2
          125         6                220.949    0         2
          126         6                 222.79    0         2
          127         6                224.786    0         2
          128         6                226.761    0         2
          129         6                228.792    0         2
          130         6                230.728    0         2
          131         6                232.674    0         2
          132         6                234.607    0         2
          133         6                236.712    0         2
          134         6                238.711    0         2
          135         6                240.686    0         2
          136         6                 242.73    0         2
          137         6                244.469    0         2
          138         6                246.573    0         2
          139         6                  248.7    0         2
          140         6                250.707    0         2
          141         6                252.515    0         2
          142         6                254.704    0         2
          143         6                256.962    0         2
          144         6                258.845    0         2
          145         6                260.818    0         2
          146         6                262.822    0         2
          147         6                 264.77    0         2
          148         6                266.898    0         2
          149         6                268.752    0         2
          150         6                270.485    0         2
          151         6                272.638    0         2
          152         6                274.648    0         2
          153         6                276.633    0         2
          154         6                278.645    0         2
          155         6                280.624    0         2
          156         6                282.526    0         2
          157         6                284.587    0         2
          158         6                286.839    0         2
          159         6                288.739    0         2
          160         6                290.579    0         2
          161         6                292.656    0         2
          162         6                295.053    0         2
          163         6                296.786    0         2
          164         6                298.818    0         2
          165         6                300.689    0         2
          166         6                302.718    0         2
          167         6                304.958    0         2
          168         6                306.881    0         2
          169         6                  308.9    0         2
          170         6                310.944    0         2
          171         6                312.927    0         2
          172         6                314.696    0         2
          173         6                316.691    0         2
          174         6                318.704    0         2
          175         6                320.759    0         2
          176         6                322.486    0         2
          177         6                324.498    0         2
          178         6                326.556    0         2
          179         6                 328.54    0         2
          180         6                330.508    0         2
          181         6                332.563    0         2
          182         6                334.538    0         2
          183         6                336.456    0         2
          184         6                338.394    0         2
          185         6                340.419    0         2
          186         6                342.418    0         2
          187         6                344.469    0         2
          188         6                346.697    0         2
          189         6                348.667    0         2
          190         6                351.218    0         2
          191         6                353.165    0         2
          192         6                355.221    0         2
          193         6                357.288    0         2
          194         6                359.134    0         2
          195         6                361.417    0         2
          196         6                363.059    0         2
          197         6                364.823    0         2
          198         6                366.638    0         2
          199         6                368.751    0         2
          200         6                370.525    0         2
          201         6                372.593    0         2
          202         6                374.555    0         2
          203         6                376.618    0         2
          204         6                378.485    0         2
          205         6                380.452    0         2
          206         6                382.439    0         2
          207         6                384.499    0         2
          208         6                386.483    0         2
          209         6                388.481    0         2
          210         6                390.513    0         2
          211         6                 392.35    0         2
          212         6                394.452    0         2
          213         6                396.507    0         2
          214         6                398.497    0         2
          215         6                400.599    0         2
          216         6                402.641    0         2
          217         6                404.708    0         2
          218         6                406.662    0         2
          219         6                408.327    0         2
          220         6                410.503    0         2
          221         6                412.561    0         2
