Segment_Index Playback_Start Quality_Level
            0        2.19651             0
            1        4.19651             0
            2        6.19651             0
            3        8.19651             0
            4        10.1965             0
            5        12.1965             0
            6        14.1965             0
            7        16.1965             0
            8        18.1965             0
            9        20.1965             0
           10        22.1965             0
           11        24.1965             1
           12        26.1965             1
           13        28.1965             1
           14        30.1965             1
           15        32.1965             1
           16        34.1965             1
           17        36.1965             1
           18        38.1965             1
           19        40.1965             1
           20        42.1965             1
           21        44.1965             1
           22        46.1965             1
           23        48.1965             1
           24        50.1965             2
           25        52.1965             2
           26        54.1965             2
           27        56.1965             2
           28        58.1965             3
           29        60.1965             3
           30        62.1965             4
           31        64.1965             4
           32        66.1965             4
           33        68.1965             5
           34        70.1965             5
           35        72.1965             5
           36        74.1965             5
           37        76.1965             5
           38        78.1965             5
           39        80.1965             6
           40        82.1965             6
           41        84.1965             6
           42        86.1965             6
           43        88.1965             6
           44        90.1965             6
           45        92.1965             6
           46        94.1965             6
           47        96.1965             6
           48        98.1965             6
           49        100.197             6
           50        102.197             6
           51        104.197             6
           52        106.197             6
           53        108.197             6
           54        110.197             6
           55        112.197             6
           56        114.197             6
           57        116.197             6
           58        118.197             6
           59        120.197             6
           60        122.197             6
           61        124.197             6
           62        126.197             6
           63        128.197             6
           64        130.197             6
           65        132.197             6
           66        134.197             6
           67        136.197             6
           68        138.197             6
           69        140.197             6
           70        142.197             6
           71        144.197             6
           72        146.197             6
           73        148.197             6
           74        150.197             6
           75        152.197             6
           76        154.197             6
           77        156.197             6
           78        158.197             6
           79        160.197             6
           80        162.197             6
           81        164.197             6
           82        166.197             6
           83        168.197             6
           84        170.197             6
           85        172.197             6
           86        174.197             6
           87        176.197             6
           88        178.197             6
           89        180.197             6
           90        182.197             6
           91        184.197             6
           92        186.197             6
           93        188.197             6
           94        190.197             6
           95        192.197             6
           96        194.197             6
           97        196.197             6
           98        198.197             6
           99        200.197             6
          100        202.197             6
          101        204.197             6
          102        206.197             6
          103        208.197             6
          104        210.197             6
          105        212.197             6
          106        214.197             6
          107        216.197             6
          108        218.197             6
          109        220.197             6
          110        222.197             6
          111        224.197             6
          112        226.197             6
          113        228.197             6
          114        230.197             6
          115        232.197             6
          116        234.197             6
          117        236.197             6
          118        238.197             6
          119        240.197             6
          120        242.197             6
          121        244.197             6
          122        246.197             6
          123        248.197             6
          124        250.197             6
          125        252.197             6
          126        254.197             6
          127        256.197             6
          128        258.197             6
          129        260.197             6
          130        262.197             6
          131        264.197             6
          132        266.197             6
          133        268.197             6
          134        270.197             6
          135        272.197             6
          136        274.197             6
          137        276.197             6
          138        278.197             6
          139        280.197             6
          140        282.197             6
          141        284.197             6
          142        286.197             6
          143        288.197             6
          144        290.197             6
          145        292.197             6
          146        294.197             6
          147        296.197             6
          148        298.197             6
          149        300.197             6
          150        302.197             6
          151        304.197             6
          152        306.197             6
          153        308.197             6
          154        310.197             6
          155        312.197             6
          156        314.197             6
          157        316.197             6
          158        318.197             6
          159        320.197             6
          160        322.197             6
          161        324.197             6
          162        326.197             6
          163        328.197             6
          164        330.197             6
          165        332.197             6
          166        334.197             6
          167        336.197             6
          168        338.197             6
          169        340.197             6
          170        342.197             6
          171        344.197             6
          172        346.197             6
          173        348.197             6
          174        350.197             6
          175        352.197             6
          176        354.197             6
          177        356.197             6
          178        358.197             6
          179        360.197             6
          180        362.197             6
          181        364.197             6
          182        366.197             6
          183        368.197             6
          184        370.197             6
          185        372.197             6
          186        374.197             6
          187        376.197             6
          188        378.197             6
          189        380.197             6
          190        382.197             6
          191        384.197             6
          192        386.197             6
          193        388.197             6
          194        390.197             6
          195        392.197             6
          196        394.197             6
          197        396.197             6
          198        398.197             6
          199        400.197             6
          200        402.197             6
          201        404.197             6
          202        406.197             6
          203        408.197             6
          204        410.197             6
          205        412.197             6
          206        414.197             6
          207        416.197             6
          208        418.197             6
          209        420.197             6
          210        422.197             6
          211        424.197             6
          212        426.197             6
          213        428.197             6
          214        430.197             6
          215        432.197             6
          216        434.197             6
          217        436.197             6
          218        438.197             6
          219        440.197             6
          220        442.197             6
          221        444.197             6
