Segment_Index Rep_Level Decision_Point_Of_Time Case DelayCase
            0         0                2.10504    0         0
            1         0                2.19651    0         0
            2         0                2.46971    0         0
            3         0                 2.6579    0         0
            4         0                2.84173    0         0
            5         0                2.93768    0         0
            6         0                 3.0335    0         0
            7         0                3.12821    0         0
            8         0                3.22207    0         0
            9         0                3.31681    0         0
           10         0                  3.411    0         0
           11         1                 3.5052    3         0
           12         1                  3.602    0         0
           13         1                3.69958    0         0
           14         1                3.79489    0         0
           15         1                3.89086    0         0
           16         1                3.98902    0         0
           17         1                  4.088    0         0
           18         1                4.18733    0         0
           19         1                4.28803    0         0
           20         1                4.38801    0         0
           21         1                4.48905    0         0
           22         1                4.59858    0         1
           23         1                8.30319    0         0
           24         2                8.40636    6         0
           25         2                8.52448    0         3
           26         2                10.6467    0         3
           27         2                 12.762    0         3
           28         3                14.8792    6         0
           29         3                15.0166    0         3
           30         3                17.1531    0         3
           31         4                19.2765    6         0
           32         4                  19.45    0         3
           33         4                21.6382    0         3
           34         5                23.7878    6         0
           35         5                24.0894    0         3
           36         5                26.7428    0         3
           37         5                29.4931    0         3
           38         5                32.0738    0         3
           39         5                34.6511    0         3
           40         5                37.2338    0         3
           41         5                39.9145    0         3
           42         5                42.5804    0         3
           43         5                45.3176    0         3
           44         5                47.9677    0         3
           45         5                 50.359    0         3
           46         5                52.9052    0         3
           47         5                 55.484    0         3
           48         5                58.0467    0         3
           49         5                 60.715    0         2
           50         5                63.2741    0         2
           51         5                65.6475    0         2
           52         5                67.8354    0         2
           53         5                70.6951    0         2
           54         5                74.2727    0         2
           55         5                77.4604    0         2
           56         5                81.0497    0         2
           57         5                84.4394    0         2
           58         5                87.5018    0         2
           59         5                89.2269    0         2
           60         5                90.6978    0         2
           61         5                93.1343    0         2
           62         5                95.3919    0         2
           63         5                96.8534    0         2
           64         5                98.7966    0         2
           65         5                100.976    0         2
           66         5                102.759    0         2
           67         5                104.658    0         2
           68         5                106.471    0         2
           69         5                108.409    0         2
           70         5                111.065    0         2
           71         5                113.157    0         2
           72         5                 114.72    0         2
           73         5                116.935    0         2
           74         5                118.499    0         2
           75         5                120.289    0         2
           76         5                122.707    0         2
           77         5                125.177    0         2
           78         5                127.215    0         2
           79         5                129.171    0         2
           80         5                131.227    0         2
           81         5                133.154    0         2
           82         5                134.891    0         2
           83         5                 136.89    0         2
           84         5                138.948    0         2
           85         5                140.791    0         2
           86         5                142.697    0         2
           87         5                144.766    0         2
           88         5                146.864    0         2
           89         5                148.973    0         2
           90         5                151.162    0         2
           91         5                 152.94    0         2
           92         5                155.238    0         2
           93         5                 156.94    0         2
           94         5                158.844    0         2
           95         5                161.237    0         2
           96         5                162.598    0         2
           97         5                164.927    0         2
           98         5                167.039    0         2
           99         5                 168.69    0         2
          100         5                170.937    0         2
          101         5                173.056    0         2
          102         5                174.722    0         2
          103         5                176.569    0         2
          104         5                 178.59    0         2
          105         5                  180.6    0         2
          106         5                182.655    0         2
          107         5                184.809    0         2
          108         5                186.715    0         2
          109         5                188.798    0         2
          110         5                190.594    0         2
          111         5                192.493    0         2
          112         5                194.412    0         2
          113         5                196.321    0         2
          114         5                198.315    0         2
          115         5                200.318    0         2
          116         5                202.324    0         0
          117         5                202.613    0         0
          118         5                202.988    0         2
          119         5                205.485    0         2
          120         5                207.806    0         2
          121         5                210.274    0         2
          122         5                212.644    0         2
          123         5                214.928    0         2
          124         5                217.115    0         2
          125         5                219.828    0         2
          126         5                222.363    0         2
          127         5                224.721    0         2
          128         5                226.733    0         2
          129         5                228.721    0         2
          130         5                230.629    0         2
          131         5                232.582    0         2
          132         5                234.524    0         2
          133         5                236.618    0         2
          134         5                238.576    0         2
          135         5                240.512    0         2
          136         5                242.587    0         2
          137         5                  244.4    0         2
          138         5                246.513    0         2
          139         5                248.532    0         2
          140         5                250.587    0         2
          141         5                 252.42    0         2
          142         5                254.604    0         2
          143         5                256.812    0         2
          144         5                258.682    0         2
          145         5                260.666    0         2
          146         5                262.659    0         2
          147         5                264.617    0         2
          148         5                266.709    0         2
          149         5                268.613    0         2
          150         5                 270.45    0         2
          151         5                272.512    0         2
          152         5                274.502    0         2
          153         5                276.516    0         2
          154         5                 278.52    0         2
          155         5                  280.5    0         2
          156         5                282.417    0         2
          157         5                284.478    0         2
          158         5                286.678    0         2
          159         5                288.606    0         2
          160         5                290.488    0         2
          161         5                292.544    0         2
          162         5                294.793    0         2
          163         5                296.664    0         2
          164         5                298.626    0         2
          165         5                300.533    0         2
          166         5                302.525    0         2
          167         5                304.723    0         2
          168         5                306.688    0         2
          169         5                308.718    0         2
          170         5                310.616    0         2
          171         5                312.614    0         2
          172         5                314.504    0         2
          173         5                 316.49    0         2
          174         5                318.549    0         2
          175         5                320.531    0         2
          176         5                322.436    0         2
          177         5                324.396    0         2
          178         5                326.414    0         2
          179         5                328.395    0         2
          180         5                330.339    0         2
          181         5                332.391    0         2
          182         5                334.393    0         2
          183         5                336.327    0         2
          184         5                338.316    0         0
          185         5                338.448    0         0
          186         5                338.578    0         0
          187         5                338.721    0         0
          188         5                339.035    0         0
          189         6                339.312    6         0
          190         6                340.819    0         3
          191         6                344.256    0         2
          192         6                347.722    0         2
          193         6                351.262    0         2
          194         6                354.606    0         2
          195         6                358.307    0         2
          196         6                361.466    0         2
          197         6                364.287    0         2
          198         6                366.743    0         2
          199         6                368.884    0         2
          200         6                370.593    0         2
          201         6                372.665    0         2
          202         6                374.618    0         2
          203         6                376.693    0         2
          204         6                378.524    0         2
          205         6                380.488    0         2
          206         6                382.439    0         2
          207         6                384.543    0         2
          208         6                386.506    0         2
          209         6                388.509    0         2
          210         6                390.561    0         2
          211         6                392.319    0         2
          212         6                394.484    0         2
          213         6                396.548    0         2
          214         6                398.528    0         2
          215         6                400.667    0         2
          216         6                402.717    0         2
          217         6                404.818    0         2
          218         6                406.766    0         2
          219         6                408.298    0         2
          220         6                410.565    0         2
          221         6                412.609    0         2
