Segment_Index Playback_Start Quality_Level
            0         2.1966             0
            1         4.1966             0
            2         6.1966             0
            3         8.1966             0
            4        10.1966             0
            5        12.1966             0
            6        14.1966             0
            7        16.1966             0
            8        18.1966             0
            9        20.1966             0
           10        22.1966             0
           11        24.1966             1
           12        26.1966             1
           13        28.1966             1
           14        30.1966             1
           15        32.1966             1
           16        34.1966             1
           17        36.1966             1
           18        38.1966             1
           19        40.1966             1
           20        42.1966             1
           21        44.1966             1
           22        46.1966             1
           23        48.1966             1
           24        50.1966             2
           25        52.1966             2
           26        54.1966             2
           27        56.1966             2
           28        58.1966             3
           29        60.1966             3
           30        62.1966             3
           31        64.1966             4
           32        66.1966             4
           33        68.1966             4
           34        70.1966             4
           35        72.1966             4
           36        74.1966             4
           37        76.1966             4
           38        78.1966             4
           39        80.1966             4
           40        82.1966             4
           41        84.1966             4
           42        86.1966             4
           43        88.1966             4
           44        90.1966             4
           45        92.1966             4
           46        94.1966             4
           47        96.1966             4
           48        98.1966             4
           49        100.197             4
           50        102.197             4
           51        104.197             4
           52        106.197             4
           53        108.197             4
           54        110.197             4
           55        112.197             4
           56        114.197             4
           57        116.197             4
           58        118.197             4
           59        120.197             4
           60        122.197             4
           61        124.197             4
           62        126.197             4
           63        128.197             4
           64        130.197             4
           65        132.197             4
           66        134.197             4
           67        136.197             4
           68        138.197             4
           69        140.197             4
           70        142.197             4
           71        144.197             4
           72        146.197             4
           73        148.197             4
           74        150.197             4
           75        152.197             4
           76        154.197             4
           77        156.197             4
           78        158.197             4
           79        160.197             4
           80        162.197             4
           81        164.197             4
           82        166.197             4
           83        168.197             4
           84        170.197             4
           85        172.197             4
           86        174.197             4
           87        176.197             4
           88        178.197             4
           89        180.197             4
           90        182.197             4
           91        184.197             4
           92        186.197             4
           93        188.197             4
           94        190.197             4
           95        192.197             4
           96        194.197             4
           97        196.197             4
           98        198.197             4
           99        200.197             4
          100        202.197             4
          101        204.197             4
          102        206.197             4
          103        208.197             4
          104        210.197             4
          105        212.197             4
          106        214.197             4
          107        216.197             4
          108        218.197             4
          109        220.197             4
          110        222.197             4
          111        224.197             4
          112        226.197             4
          113        228.197             4
          114        230.197             4
          115        232.197             4
          116        234.197             4
          117        236.197             4
          118        238.197             4
          119        240.197             4
          120        242.197             5
          121        244.197             5
          122        246.197             5
          123        248.197             5
          124        250.197             5
          125        252.197             5
          126        254.197             5
          127        256.197             5
          128        258.197             5
          129        260.197             5
          130        262.197             5
          131        264.197             5
          132        266.197             5
          133        268.197             5
          134        270.197             5
          135        272.197             5
          136        274.197             5
          137        276.197             5
          138        278.197             5
          139        280.197             5
          140        282.197             5
          141        284.197             5
          142        286.197             5
          143        288.197             5
          144        290.197             5
          145        292.197             5
          146        294.197             5
          147        296.197             5
          148        298.197             5
          149        300.197             5
          150        302.197             5
          151        304.197             5
          152        306.197             5
          153        308.197             5
          154        310.197             5
          155        312.197             5
          156        314.197             5
          157        316.197             5
          158        318.197             5
          159        320.197             5
          160        322.197             5
          161        324.197             5
          162        326.197             5
          163        328.197             5
          164        330.197             5
          165        332.197             5
          166        334.197             5
          167        336.197             5
          168        338.197             5
          169        340.197             5
          170        342.197             5
          171        344.197             5
          172        346.197             5
          173        348.197             5
          174        350.197             5
          175        352.197             5
          176        354.197             5
          177        356.197             5
          178        358.197             5
          179        360.197             5
          180        362.197             5
          181        364.197             5
          182        366.197             5
          183        368.197             5
          184        370.197             5
          185        372.197             5
          186        374.197             5
          187        376.197             5
          188        378.197             5
          189        380.197             5
          190        382.197             5
          191        384.197             5
          192        386.197             5
          193        388.197             5
          194        390.197             5
          195        392.197             5
          196        394.197             5
          197        396.197             5
          198        398.197             5
          199        400.197             5
          200        402.197             5
          201        404.197             5
          202        406.197             5
          203        408.197             5
          204        410.197             5
          205        412.197             5
          206        414.197             5
          207        416.197             5
          208        418.197             5
          209        420.197             5
          210        422.197             5
          211        424.197             5
          212        426.197             5
          213        428.197             5
          214        430.197             5
          215        432.197             5
          216        434.197             5
          217        436.197             5
          218        438.197             5
          219        440.197             5
          220        442.197             5
          221        444.197             5
