Segment_Index Rep_Level Decision_Point_Of_Time Case DelayCase
            0         0                2.10505    0         0
            1         0                 2.1966    0         0
            2         0                2.47016    0         0
            3         0                2.65921    0         0
            4         0                2.84299    0         0
            5         0                2.94326    0         0
            6         0                3.04323    0         0
            7         0                3.14117    0         0
            8         0                3.23718    0         0
            9         0                 3.3348    0         0
           10         0                3.43116    0         0
           11         1                3.52818    3         0
           12         1                3.63047    0         0
           13         1                3.73152    0         0
           14         1                3.82933    0         0
           15         1                3.92864    0         0
           16         1                4.03341    0         0
           17         1                4.13795    0         0
           18         1                4.24432    0         0
           19         1                4.35328    0         0
           20         1                4.46158    0         0
           21         1                4.57094    0         0
           22         1                4.69565    0         1
           23         1                8.31552    0         0
           24         2                8.42967    6         0
           25         2                8.57155    0         3
           26         2                  10.71    0         3
           27         2                12.8482    0         3
           28         3                14.9858    6         0
           29         3                 15.166    0         3
           30         3                17.3467    0         3
           31         4                19.4991    6         0
           32         4                19.8103    0         3
           33         4                22.9229    0         3
           34         4                25.5748    0         3
           35         4                28.3959    0         3
           36         4                30.8555    0         3
           37         4                33.4087    0         3
           38         4                  35.87    0         3
           39         4                38.3344    0         3
           40         4                40.7894    0         3
           41         4                43.3357    0         3
           42         4                45.8181    0         3
           43         4                48.3723    0         2
           44         4                50.8479    0         2
           45         4                53.1386    0         2
           46         4                55.5105    0         2
           47         4                57.9025    0         2
           48         4                 60.285    0         2
           49         4                62.7607    0         2
           50         4                65.1368    0         2
           51         4                67.4148    0         2
           52         4                69.5295    0         2
           53         4                72.1051    0         2
           54         4                75.1317    0         2
           55         4                78.0531    0         2
           56         4                81.1825    0         2
           57         4                84.2116    0         2
           58         4                87.1188    0         2
           59         4                88.9448    0         2
           60         4                90.5677    0         2
           61         4                92.8418    0         2
           62         4                 95.014    0         2
           63         4                96.6615    0         2
           64         4                98.6746    0         2
           65         4                100.834    0         2
           66         4                102.592    0         2
           67         4                104.493    0         2
           68         4                106.406    0         2
           69         4                108.388    0         2
           70         4                110.782    0         2
           71         4                112.852    0         2
           72         4                114.572    0         2
           73         4                 116.67    0         2
           74         4                118.426    0         2
           75         4                120.289    0         2
           76         4                122.605    0         2
           77         4                124.925    0         2
           78         4                126.972    0         2
           79         4                128.882    0         2
           80         4                130.885    0         2
           81         4                132.949    0         2
           82         4                134.753    0         2
           83         4                136.693    0         2
           84         4                138.767    0         2
           85         4                140.678    0         2
           86         4                142.603    0         2
           87         4                144.609    0         2
           88         4                146.667    0         2
           89         4                 148.77    0         2
           90         4                150.861    0         2
           91         4                152.775    0         2
           92         4                154.967    0         2
           93         4                156.707    0         2
           94         4                158.613    0         2
           95         4                160.894    0         2
           96         4                162.492    0         2
           97         4                164.744    0         2
           98         4                166.791    0         2
           99         4                168.575    0         2
          100         4                170.674    0         2
          101         4                172.777    0         2
          102         4                174.605    0         2
          103         4                176.494    0         2
          104         4                 178.49    0         2
          105         4                180.493    0         2
          106         4                182.522    0         2
          107         4                184.658    0         2
          108         4                186.608    0         2
          109         4                 188.59    0         2
          110         4                190.475    0         2
          111         4                192.423    0         2
          112         4                194.404    0         2
          113         4                196.326    0         2
          114         4                198.319    0         2
          115         4                200.323    0         0
          116         4                200.455    0         0
          117         4                 200.68    0         0
          118         4                200.976    0         0
          119         4                201.367    0         0
          120         5                201.664    6         0
          121         5                202.261    0         3
          122         5                204.731    0         3
          123         5                207.077    0         3
          124         5                209.288    0         3
          125         5                212.175    0         3
          126         5                214.865    0         2
          127         5                217.557    0         2
          128         5                220.214    0         2
          129         5                222.871    0         2
          130         5                 225.44    0         2
          131         5                227.916    0         2
          132         5                 230.33    0         2
          133         5                232.834    0         2
          134         5                235.303    0         2
          135         5                237.703    0         2
          136         5                240.143    0         2
          137         5                242.381    0         2
          138         5                244.751    0         2
          139         5                247.178    0         2
          140         5                249.654    0         2
          141         5                251.952    0         2
          142         5                254.429    0         2
          143         5                256.945    0         2
          144         5                 258.79    0         2
          145         5                260.763    0         2
          146         5                262.757    0         2
          147         5                 264.71    0         2
          148         5                266.814    0         2
          149         5                268.667    0         2
          150         5                270.445    0         2
          151         5                272.579    0         2
          152         5                 274.54    0         2
          153         5                 276.59    0         2
          154         5                278.592    0         2
          155         5                280.567    0         2
          156         5                282.477    0         2
          157         5                284.518    0         2
          158         5                286.775    0         2
          159         5                288.696    0         2
          160         5                290.525    0         2
          161         5                292.591    0         2
          162         5                294.909    0         2
          163         5                296.707    0         2
          164         5                298.701    0         2
          165         5                300.587    0         2
          166         5                302.599    0         2
          167         5                304.823    0         2
          168         5                306.767    0         2
          169         5                308.799    0         2
          170         5                 310.71    0         2
          171         5                312.685    0         2
          172         5                314.526    0         2
          173         5                316.537    0         2
          174         5                318.585    0         2
          175         5                320.575    0         2
          176         5                322.425    0         2
          177         5                324.418    0         2
          178         5                326.445    0         2
          179         5                328.417    0         2
          180         5                330.394    0         2
          181         5                332.417    0         2
          182         5                334.407    0         2
          183         5                336.365    0         2
          184         5                338.344    0         2
          185         5                340.367    0         2
          186         5                342.362    0         0
          187         5                342.558    0         0
          188         5                342.908    0         2
          189         5                345.218    0         2
          190         5                348.008    0         2
          191         5                350.747    0         2
          192         5                353.511    0         2
          193         5                356.304    0         2
          194         5                358.938    0         2
          195         5                361.044    0         2
          196         5                362.819    0         2
          197         5                364.634    0         2
          198         5                366.505    0         2
          199         5                368.581    0         2
          200         5                370.443    0         2
          201         5                372.491    0         2
          202         5                374.457    0         2
          203         5                376.513    0         2
          204         5                378.425    0         2
          205         5                380.396    0         2
          206         5                382.382    0         2
          207         5                384.423    0         2
          208         5                386.414    0         2
          209         5                388.418    0         2
          210         5                390.438    0         2
          211         5                392.312    0         2
          212         5                394.378    0         2
          213         5                396.417    0         2
          214         5                398.408    0         2
          215         5                400.466    0         2
          216         5                402.479    0         2
          217         5                404.558    0         2
          218         5                406.584    0         2
          219         5                408.294    0         2
          220         5                410.404    0         2
          221         5                412.431    0         2
