Segment_Index Rep_Level Decision_Point_Of_Time Case DelayCase
            0         0                2.10572    0         0
            1         3                2.22586    0         0
            2         3                2.86531    0         0
            3         3                3.07921    0         0
            4         3                3.30418    0         0
            5         3                 3.5238    0         0
            6         3                3.71988    0         0
            7         3                3.84554    0         0
            8         3                3.96456    0         0
            9         3                4.09689    0         0
           10         3                4.21739    0         0
           11         3                4.34369    0         0
           12         3                4.46736    0         0
           13         3                4.58829    0         0
           14         3                4.69849    0         0
           15         3                4.96615    0         0
           16         3                5.62213    0         0
           17         3                6.67699    0         0
           18         3                8.09754    0         0
           19         3                 9.7513    0         0
           20         3                11.4742    0         0
           21         3                13.3818    0         0
           22         4                 15.249    0         0
           23         4                17.1866    0         0
           24         4                20.0259    0         0
           25         4                22.6487    0         0
           26         4                25.4369    0         0
           27         4                27.9016    0         0
           28         4                30.1091    0         0
           29         4                 32.071    0         0
           30         4                33.9916    0         0
           31         4                35.7952    0         0
           32         4                37.6437    0         0
           33         4                39.5048    0         0
           34         4                41.1735    0         0
           35         4                42.9197    0         0
           36         4                44.5252    0         0
           37         4                46.4614    0         0
           38         4                48.2852    0         0
           39         4                50.0949    0         0
           40         4                51.8193    0         0
           41         4                53.6465    0         0
           42         4                55.5751    0         0
           43         4                57.4842    0         0
           44         4                59.3672    0         0
           45         4                 61.135    0         0
           46         4                62.9752    0         0
           47         4                64.8597    0         0
           48         4                66.8476    0         0
           49         4                68.8396    0         0
           50         4                70.7717    0         0
           51         5                72.6395    0         0
           52         5                74.5521    0         0
           53         5                77.5824    0         0
           54         5                80.6227    0         0
           55         5                83.0873    0         0
           56         5                85.7037    0         0
           57         5                87.8034    0         0
           58         5                89.9278    0         0
           59         5                91.6933    0         0
           60         5                93.3127    0         0
           61         5                95.4368    0         0
           62         5                 97.437    0         0
           63         5                98.9547    0         0
           64         5                100.741    0         0
           65         5                 102.64    0         0
           66         5                 104.48    0         0
           67         5                 106.34    0         0
           68         5                 108.16    0         0
           69         5                109.994    0         0
           70         5                112.357    0         0
           71         5                114.491    0         0
           72         5                116.274    0         0
           73         5                118.234    0         0
           74         5                119.777    0         0
           75         5                121.446    0         0
           76         5                123.533    0         0
           77         5                125.822    0         0
           78         5                127.831    0         0
           79         5                 129.77    0         0
           80         5                131.742    0         0
           81         5                133.643    0         0
           82         5                  135.4    0         0
           83         5                137.226    0         0
           84         5                139.202    0         0
           85         5                140.937    0         0
           86         5                142.727    0         0
           87         5                144.825    0         0
           88         5                146.925    0         0
           89         5                149.077    0         0
           90         5                151.232    0         0
           91         5                153.034    0         0
           92         5                155.298    0         0
           93         5                156.829    0         0
           94         5                158.733    0         0
           95         5                160.825    0         0
           96         5                162.257    0         0
           97         5                164.466    0         0
           98         5                166.506    0         0
           99         5                168.145    0         0
          100         5                170.239    0         0
          101         5                172.274    0         0
          102         5                174.097    0         0
          103         5                175.788    0         0
          104         5                177.713    0         0
          105         5                179.795    0         0
          106         5                181.895    0         0
          107         5                184.094    0         0
          108         5                186.076    0         0
          109         5                188.169    0         0
          110         5                190.036    0         0
          111         5                191.944    0         0
          112         5                193.888    0         0
          113         5                195.799    0         0
          114         5                197.789    0         0
          115         5                199.784    0         0
          116         5                201.777    0         0
          117         5                203.921    0         0
          118         5                205.973    0         0
          119         5                208.055    0         0
          120         5                209.845    0         0
          121         5                211.949    0         0
          122         5                213.794    0         0
          123         5                215.655    0         0
          124         5                217.489    0         0
          125         5                219.916    0         0
          126         5                221.681    0         0
          127         5                223.629    0         0
          128         6                  225.5    0         0
          129         6                227.902    0         0
          130         6                230.684    0         0
          131         6                233.458    0         0
          132         6                236.207    0         0
          133         6                239.019    0         0
          134         6                241.472    0         0
          135         6                243.812    0         0
          136         6                246.069    0         0
          137         6                247.595    0         0
          138         6                249.776    0         0
          139         6                251.939    0         0
          140         6                253.959    0         0
          141         6                255.525    0         0
          142         6                257.817    0         0
          143         6                260.258    0         0
          144         6                261.933    0         0
          145         6                263.778    0         0
          146         6                265.507    0         0
          147         6                267.262    0         0
          148         6                269.374    0         0
          149         6                270.964    0         0
          150         6                272.321    0         0
          151         6                274.463    0         0
          152         6                276.514    0         0
          153         6                278.555    0         0
          154         6                280.568    0         0
          155         6                 282.56    0         0
          156         6                284.367    0         0
          157         6                286.496    0         0
          158         6                288.942    0         0
          159         6                290.721    0         0
          160         6                292.403    0         0
          161         6                294.519    0         0
          162         6                297.167    0         0
          163         6                298.637    0         0
          164         6                300.685    0         0
          165         6                302.382    0         0
          166         6                304.436    0         0
          167         6                306.864    0         0
          168         6                308.649    0         0
          169         6                310.655    0         0
          170         6                312.701    0         0
          171         6                314.604    0         0
          172         6                316.051    0         0
          173         6                318.039    0         0
          174         6                319.996    0         0
          175         6                322.207    0         0
          176         6                323.779    0         0
          177         6                325.889    0         0
          178         6                328.094    0         0
          179         6                330.161    0         0
          180         6                332.186    0         0
          181         6                334.352    0         0
          182         6                336.357    0         0
          183         6                338.225    0         0
          184         6                339.966    0         0
          185         6                341.879    0         0
          186         6                343.907    0         0
          187         6                346.024    0         0
          188         6                348.459    0         0
          189         6                350.429    0         0
          190         6                353.497    0         0
          191         6                355.195    0         0
          192         6                357.206    0         0
          193         6                359.118    0         0
          194         6                360.972    0         0
          195         6                363.655    0         0
          196         6                365.279    0         0
          197         6                367.238    0         0
          198         6                369.181    0         0
          199         6                371.738    0         0
          200         6                373.658    0         0
          201         6                376.313    0         0
          202         6                378.553    0         0
          203         6                381.009    0         0
          204         6                382.856    0         0
          205         6                384.851    0         0
          206         6                386.902    0         0
          207         6                 389.06    0         0
          208         6                391.079    0         0
          209         6                393.092    0         0
          210         6                395.175    0         0
          211         6                 396.81    0         0
          212         6                398.994    0         0
          213         6                401.093    0         0
          214         6                    403    0         0
          215         6                405.121    0         0
          216         6                407.135    0         0
          217         6                409.172    0         0
          218         6                411.001    0         0
          219         6                 412.22    0         0
          220         6                414.416    0         0
          221         6                416.414    0         0
