Segment_Index Download_Request_Sent Download_Start Download_End Segment_Size Download_OK
            0               2.10575        2.19702       2.2259         3128           Y
            1                2.2259         2.3163       2.8658       499214           Y
            2                2.8658        2.95636      3.07612       825296           Y
            3               3.07612        3.16693       3.2498       981130           Y
            4                3.2498        3.34047       3.4028       733942           Y
            5                3.4028        3.49343      3.54817       639638           Y
            6               3.54817         3.6387      3.68092       488296           Y
            7               3.68092        3.77162       3.8016       349962           Y
            8                3.8016        3.89216      3.93269       468860           Y
            9               3.93269        4.02327      4.05955       407504           Y
           10               4.05955        4.15018      4.18909       423708           Y
           11               4.18909        4.28034      4.31398       397076           Y
           12               4.31398        4.40573      4.43688       362400           Y
           13               4.43688        4.52893      4.55044       218644           Y
           14               4.69731        4.78761      4.81554       271614           Y
           15               5.35406        5.44437      5.48164       432530           Y
           16                6.3991        6.48941      6.53003       450424           Y
           17               7.82097        7.91128      7.95673       502640           Y
           18               9.40598        9.49629      9.54622       582204           Y
           19               11.1483        11.2386      11.2882       574158           Y
           20               13.0439        13.1342      13.1879       634288           Y
           21               14.8908        14.9811      15.0654       986196           Y
           22               16.6946        16.7849      16.9284      1563234           Y
           23               19.7213        19.8116      19.9742      1655234           Y
           24               22.5964        22.6867      22.8162      1370872           Y
           25               25.3636        25.4539      25.5815      1401124           Y
           26               27.8427         27.933      28.0769      1329350           Y
           27               30.0543        30.1446      30.2511      1168552           Y
           28               32.0115        32.1018      32.2057      1147554           Y
           29               33.9243        34.0146      34.1234      1163788           Y
           30               35.5948        35.6851      35.7543       817018           Y
           31                37.431        37.5213      37.6051       976766           Y
           32                39.229        39.3193      39.4412      1161540           Y
           33               40.9914        41.0817       41.141       698234           Y
           34               42.7205        42.8108      42.8874       905140           Y
           35               44.4185        44.5088      44.5515       490738           Y
           36               46.2873        46.3776      46.4318       634470           Y
           37               48.1242        48.2145       48.259       518874           Y
           38               49.9316        50.0219      50.0684       529286           Y
           39               51.7116        51.8019      51.8458       515898           Y
           40               53.4659        53.5562      53.6124       660316           Y
           41                55.396        55.4863      55.5435       669498           Y
           42               57.2998        57.3901      57.4509       717700           Y
           43                59.179        59.2693      59.3242       643228           Y
           44               61.0353        61.1256      61.1587       384562           Y
           45               62.8701        62.9604       63.001       477904           Y
           46               64.6844        64.7747      64.8253       589022           Y
           47               66.6794        66.7697      66.8159       539598           Y
           48               68.6531        68.7434      68.8056       717554           Y
           49                70.607        70.6973      70.7418       521114           Y
           50               72.5422        72.6325      72.6622       345114           Y
           51               74.4597        74.5501      74.5733       267270           Y
           52               77.1896        77.2799      77.4988      1911638           Y
           53               79.8685        79.9588      80.3814      3809514           Y
           54               82.5039        82.5942      82.8977      2908998           Y
           55               84.9004        84.9907      85.4079      4124046           Y
           56               87.0649        87.1552      87.5576      3757420           Y
           57               89.2024        89.2927      89.6367      3646514           Y
           58               91.1135        91.2038      91.5044      2863936           Y
           59               93.0024        93.0927      93.2279      1413148           Y
           60               94.8695        94.9599      95.2307      2735758           Y
           61               96.7154        96.8057      97.1592      3605436           Y
           62               98.5407         98.631      98.8081      1927798           Y
           63               100.346        100.436      100.623      1810158           Y
           64               102.332        102.423      102.665      2468234           Y
           65               104.297        104.387      104.547      1644128           Y
           66               106.242        106.332      106.464      1283582           Y
           67               108.167        108.257      108.313       645554           Y
           68               110.074        110.164      110.205       476182           Y
           69               111.963        112.053       112.34      2849792           Y
           70               113.835        113.925      114.227      3157680           Y
           71                115.89        115.981       116.14      1655086           Y
           72               117.727        117.818       118.06      2422030           Y
           73                119.55         119.64      119.714       865194           Y
           74               121.557        121.647      121.651        21740           Y
           75               123.548        123.639      123.813      1672964           Y
           76               125.524        125.614      125.956      3429076           Y
           77               127.484        127.574      127.916      3619938           Y
           78                129.43         129.52      129.869      3495936           Y
           79               131.362        131.452      131.824      3793936           Y
           80                133.28        133.371      133.753      3642068           Y
           81               135.186        135.276      135.536      2613222           Y
           82               137.078        137.169      137.398      2477740           Y
           83               138.959        139.049      139.329      2844468           Y
           84               140.827        140.918      141.135      2238952           Y
           85               142.684        142.774      142.945      1856964           Y
           86               144.529         144.62      144.838      2104104           Y
           87               146.564        146.654      147.012      2565686           Y
           88               148.586        148.676      148.997      3164702           Y
           89               150.596        150.686      151.083      4017534           Y
           90               152.595        152.685       152.99      2964310           Y
           91               154.583        154.673      155.107      4405610           Y
           92                156.56         156.65      156.968      3078792           Y
           93               158.527        158.617      158.898      2660794           Y
           94               160.484        160.574      161.038      4577932           Y
           95               162.431        162.521      162.681      1670978           Y
           96               164.369        164.459      164.757      3121956           Y
           97               166.297        166.387      166.762      3711576           Y
           98               168.216        168.306      168.522      2113830           Y
           99               170.126        170.216      170.505      3165496           Y
          100               172.028        172.118      172.511      3884196           Y
          101               173.921        174.011      174.246      2339512           Y
          102               175.806        175.896      176.043      1472964           Y
          103               177.682        177.773      177.924      1552708           Y
          104               179.551        179.641      179.802      1649486           Y
          105               181.612        181.703      181.889      1928648           Y
          106               183.665        183.755      184.014      2664290           Y
          107               185.709        185.799      186.029      2382926           Y
          108               187.745        187.835      188.101      2641274           Y
          109               189.773        189.863      190.024      1726200           Y
          110               191.793        191.884       191.98      1066390           Y
          111               193.806        193.897       193.97       861156           Y
          112               195.812        195.902      195.936       383238           Y
          113               197.811        197.901       197.93       325736           Y
          114               199.802        199.892      199.924       355820           Y
          115               201.787        201.877      201.915       437786           Y
          116               203.765        203.855      203.958      1120514           Y
          117               205.736        205.827       205.98      1565278           Y
          118               207.701        207.791       208.02      2246054           Y
          119                209.66         209.75      209.882      1439812           Y
          120               211.612        211.703      211.896      2092608           Y
          121               213.559        213.649      213.802      1562956           Y
          122               215.499         215.59       215.69      1099550           Y
          123               217.434        217.524      217.572       545526           Y
          124               219.363        219.453      219.798      3348426           Y
          125               221.286        221.376      221.626      2548652           Y
          126               223.204        223.294      223.552      2609818           Y
          127               225.116        225.206      225.441      2441370           Y
          128               227.023        227.113      227.627      5041212           Y
          129               229.926        230.017      230.468      4422072           Y
          130               232.807        232.897      233.258      3766422           Y
          131               235.667        235.758      236.086      3155806           Y
          132                238.31          238.4       238.84      4153232           Y
          133               240.736        240.827      241.288      4274608           Y
          134               243.149         243.24      243.641      3903466           Y
          135               245.349        245.439      245.838      4194944           Y
          136               247.336        247.426      247.575      1640676           Y
          137               249.312        249.403      249.673      2766674           Y
          138               251.278        251.369      251.749      3932322           Y
          139               253.234        253.324      253.728      4199492           Y
          140               255.179        255.269      255.492      2107740           Y
          141               257.113        257.203      257.647      4117966           Y
          142               259.037        259.128       259.84      6963336           Y
          143               260.952        261.042      261.582      5620138           Y
          144               262.856        262.946      263.463      5305968           Y
          145                264.75        264.841      265.414      5409740           Y
          146               266.635        266.726      267.212      4772436           Y
          147               268.511        268.601      269.233      6135164           Y
          148               270.377        270.468      270.959      4579268           Y
          149               272.435        272.525      272.701      1795422           Y
          150               274.282        274.372      274.712      3444382           Y
          151                276.32         276.41      276.744      3450010           Y
          152               278.349        278.439      278.763      3269908           Y
          153               280.368        280.458      280.813      3467588           Y
          154               282.378        282.468      282.808      3308552           Y
          155               284.378        284.469      284.758      2244422           Y
          156                286.37         286.46      286.789      2926848           Y
          157               288.353        288.443      289.005      5592628           Y
          158               290.328        290.418      290.849      4413426           Y
          159               292.293        292.384      292.675      2796880           Y
          160               294.251        294.341      294.688      3660504           Y
          161               296.201        296.291      297.066      7533248           Y
          162               298.142        298.232      298.748      5010154           Y
          163               300.076        300.166      300.721      5411976           Y
          164               302.001        302.092      302.475      3869402           Y
          165                303.92         304.01      304.448      4344394           Y
          166                305.83         305.92      306.621      6905924           Y
          167               307.733        307.824       308.41      5947576           Y
          168               309.629        309.719      310.322      6182400           Y
          169               311.518        311.608      312.232      6475082           Y
          170               313.399        313.489      314.135      6455982           Y
          171               315.274        315.364      315.733      3714282           Y
          172               317.141        317.231      317.632      3994506           Y
          173               319.202        319.292      319.691      4209008           Y
          174               321.255        321.345       321.82      4729682           Y
          175               323.301        323.391      323.604      1848218           Y
          176               325.339        325.429      325.619      1983640           Y
          177                327.37         327.46      327.728      2567612           Y
          178               329.394        329.484      329.716      2404088           Y
          179               331.411        331.502      331.705      2106070           Y
          180               333.422        333.512      333.783      2660432           Y
          181               335.426        335.516      335.741      2403346           Y
          182               337.423        337.513      337.653      1534600           Y
          183               339.413        339.504      339.583       913140           Y
          184               341.398        341.488      341.588      1110714           Y
          185               343.376        343.466      343.567      1103382           Y
          186               345.348        345.438      345.606      1653844           Y
          187               347.313        347.403      347.779      3939210           Y
          188               349.273        349.363      349.735      3738582           Y
          189               351.226        351.317      352.254      9606526           Y
          190               353.174        353.264      354.157      8941710           Y
          191               355.116        355.206      356.171      9684976           Y
          192               356.852        356.942      358.081     10111356           Y
          193               358.783        358.873      359.739      8788462           Y
          194               360.732        360.822      362.035     11637172           Y
          195               362.689         362.78      363.576      7949250           Y
          196               364.678        364.768      365.306      5374578           Y
          197               366.684        366.774       367.11      3452472           Y
          198               368.698        368.789      369.238      4571072           Y
          199               370.715        370.805      371.049      2247484           Y
          200                372.93         373.02      373.329      2899326           Y
          201                374.94         375.03      375.267      2508070           Y
          202               377.146        377.236      377.554      3180516           Y
          203               379.145        379.236      379.432      1835380           Y
          204               381.139        381.229      381.378      1493684           Y
          205               383.127        383.217      383.342      1353300           Y
          206               385.108        385.199      385.382      1930332           Y
          207               387.084        387.174      387.338      1771204           Y
          208               389.053        389.143      389.303      1765204           Y
          209               391.016        391.107       391.33      2117030           Y
          210               392.974        393.064      393.097       382526           Y
          211               394.925        395.015      395.165      1477660           Y
          212                396.87        396.961      397.151      2094178           Y
          213                399.01          399.1      399.283      1983954           Y
          214               401.143        401.234      401.549      3019654           Y
          215                403.27         403.36      403.714      3459742           Y
          216               405.191        405.281      405.739      4165700           Y
          217               407.106        407.196       407.61      3760282           Y
          218               409.016        409.106      409.117       118290           Y
          219               410.921        411.011      411.205      2046476           Y
          220                412.82        412.911      413.177      2623830           Y
          221               414.915        415.005      415.568      5588586           Y
