     Time_Now  Buffer_Level 
       2.2259             0
       2.2259             2
       2.8658        1.3601
       2.8658        3.3601
      3.07612       3.14978
      3.07612       5.14978
       3.2498        4.9761
       3.2498        6.9761
       3.4028        6.8231
       3.4028        8.8231
      3.54817       8.67773
      3.54817       10.6777
      3.68092        10.545
      3.68092        12.545
       3.8016       12.4243
       3.8016       14.4243
      3.93269       14.2932
      3.93269       16.2932
      4.05955       16.1664
      4.05955       18.1664
      4.18909       18.0368
      4.18909       20.0368
      4.31398       19.9119
      4.31398       21.9119
      4.43688        21.789
      4.43688        23.789
      4.55044       23.6755
      4.55044       25.6755
      4.81554       25.4104
      4.81554       27.4104
      5.48164       26.7443
      5.48164       28.7443
      6.53003       27.6959
      6.53003       29.6959
      7.95673       28.2692
      7.95673       30.2692
      9.54622       28.6797
      9.54622       30.6797
      11.2882       28.9377
      11.2882       30.9377
      13.1879        29.038
      13.1879        31.038
      15.0654       29.1605
      15.0654       31.1605
      16.9284       29.2975
      16.9284       31.2975
      19.9742       28.2517
      19.9742       30.2517
      22.8162       27.4097
      22.8162       29.4097
      25.5815       26.6444
      25.5815       28.6444
      28.0769        26.149
      28.0769        28.149
      30.2511       25.9748
      30.2511       27.9748
      32.2057       26.0202
      32.2057       28.0202
      34.1234       26.1025
      34.1234       28.1025
      35.7543       26.4716
      35.7543       28.4716
      37.6051       26.6208
      37.6051       28.6208
      39.4412       26.7847
      39.4412       28.7847
       41.141       27.0849
       41.141       29.0849
      42.8874       27.3385
      42.8874       29.3385
      44.5515       27.6744
      44.5515       29.6744
      46.4318       27.7941
      46.4318       29.7941
       48.259       27.9669
       48.259       29.9669
      50.0684       28.1575
      50.0684       30.1575
      51.8458       28.3801
      51.8458       30.3801
      53.6124       28.6135
      53.6124       30.6135
      55.5435       28.6824
      55.5435       30.6824
      57.4509        28.775
      57.4509        30.775
      59.3242       28.9017
      59.3242       30.9017
      61.1587       29.0672
      61.1587       31.0672
       63.001       29.2249
       63.001       31.2249
      64.8253       29.4006
      64.8253       31.4006
      66.8159         29.41
      66.8159         31.41
      68.8056       29.4203
      68.8056       31.4203
      70.7418       29.4841
      70.7418       31.4841
      72.6622       29.5637
      72.6622       31.5637
      74.5733       29.6526
      74.5733       31.6526
      77.4988       28.7271
      77.4988       30.7271
      80.3814       27.8445
      80.3814       29.8445
      82.8977       27.3282
      82.8977       29.3282
      85.4079        26.818
      85.4079        28.818
      87.5576       26.6683
      87.5576       28.6683
      89.6367       26.5892
      89.6367       28.5892
      91.5044       26.7215
      91.5044       28.7215
      93.2279        26.998
      93.2279        28.998
      95.2307       26.9952
      95.2307       28.9952
      97.1592       27.0667
      97.1592       29.0667
      98.8081       27.4178
      98.8081       29.4178
      100.623       27.6025
      100.623       29.6025
      102.665       27.5612
      102.665       29.5612
      104.547        27.679
      104.547        29.679
      106.464       27.7616
      106.464       29.7616
      108.313       27.9132
      108.313       29.9132
      110.205        28.021
      110.205        30.021
       112.34       27.8857
       112.34       29.8857
      114.227       27.9992
      114.227       29.9992
       116.14       28.0862
       116.14       30.0862
       118.06       28.1662
       118.06       30.1662
      119.714        28.512
      119.714        30.512
      121.651       28.5749
      121.651       30.5749
      123.813       28.4132
      123.813       30.4132
      125.956       28.2704
      125.956       30.2704
      127.916         28.31
      127.916         30.31
      129.869       28.3569
      129.869       30.3569
      131.824       28.4019
      131.824       30.4019
      133.753        28.473
      133.753        30.473
      135.536       28.6902
      135.536       30.6902
      137.398       28.8275
      137.398       30.8275
      139.329       28.8968
      139.329       30.8968
      141.135       29.0911
      141.135       31.0911
      142.945       29.2809
      142.945       31.2809
      144.838       29.3879
      144.838       31.3879
      147.012       29.2142
      147.012       31.2142
      148.997        29.229
      148.997        31.229
      151.083       29.1428
      151.083       31.1428
       152.99       29.2359
       152.99       31.2359
      155.107       29.1186
      155.107       31.1186
      156.968       29.2581
      156.968       31.2581
      158.898       29.3275
      158.898       31.3275
      161.038       29.1879
      161.038       31.1879
      162.681       29.5445
      162.681       31.5445
      164.757       29.4685
      164.757       31.4685
      166.762       29.4638
      166.762       31.4638
      168.522        29.704
      168.522        31.704
      170.505       29.7205
      170.505       31.7205
      172.511       29.7146
      172.511       31.7146
      174.246       29.9803
      174.246       31.9803
      176.043       30.1827
      176.043       32.1827
      177.924       30.3017
      177.924       32.3017
      179.802        30.424
      179.802        32.424
      181.889        30.337
      181.889        32.337
      184.014        30.212
      184.014        32.212
      186.029       30.1974
      186.029       32.1974
      188.101       30.1244
      188.101       32.1245
      190.024        30.202
      190.024        32.202
       191.98       30.2456
       191.98       32.2456
       193.97        30.256
       193.97        32.256
      195.936       30.2901
      195.936       32.2901
       197.93       30.2959
       197.93       32.2959
      199.924       30.3022
      199.924       32.3022
      201.915       30.3111
      201.915       32.3111
      203.958        30.268
      203.958        32.268
       205.98       30.2463
       205.98       32.2463
       208.02       30.2064
       208.02       32.2064
      209.882       30.3441
      209.882       32.3441
      211.896       30.3302
      211.896       32.3302
      213.802       30.4241
      213.802       32.4241
       215.69        30.536
       215.69        32.536
      217.572       30.6544
      217.572       32.6544
      219.798       30.4278
      219.798       32.4278
      221.626       30.5998
      221.626       32.5998
      223.552       30.6738
      223.552       32.6738
      225.441       30.7848
      225.441       32.7848
      227.627       30.5985
      227.627       32.5985
      230.468       29.7582
      230.468       31.7582
      233.258       28.9681
      233.258       30.9681
      236.086       28.1399
      236.086       30.1399
       238.84       27.3864
       238.84       29.3864
      241.288       26.9382
      241.288       28.9382
      243.641       26.5847
      243.641       28.5847
      245.838       26.3874
      245.838       28.3874
      247.575       26.6508
      247.575       28.6508
      249.673       26.5529
      249.673       28.5529
      251.749       26.4769
      251.749       28.4769
      253.728       26.4981
      253.728       28.4981
      255.492       26.7338
      255.492       28.7338
      257.647       26.5791
      257.647       28.5791
       259.84        26.386
       259.84        28.386
      261.582       26.6437
      261.582       28.6437
      263.463        26.763
      263.463        28.763
      265.414       26.8114
      265.414       28.8114
      267.212       27.0136
      267.212       29.0136
      269.233        26.993
      269.233        28.993
      270.959       27.2664
      270.959       29.2664
      272.701       27.5253
      272.701       29.5253
      274.712       27.5141
      274.712       29.5141
      276.744       27.4821
      276.744       29.4821
      278.763       27.4626
      278.763       29.4626
      280.813       27.4126
      280.813       29.4126
      282.808       27.4179
      282.808       29.4179
      284.758        27.468
      284.758        29.468
      286.789       27.4372
      286.789       29.4372
      289.005       27.2212
      289.005       29.2212
      290.849        27.377
      290.849        29.377
      292.675       27.5513
      292.675       29.5513
      294.688       27.5377
      294.688       29.5377
      297.066       27.1603
      297.066       29.1603
      298.748       27.4774
      298.748       29.4774
      300.721       27.5048
      300.721       29.5048
      302.475       27.7514
      302.475       29.7514
      304.448       27.7783
      304.448       29.7783
      306.621       27.6046
      306.621       29.6046
       308.41       27.8155
       308.41       29.8155
      310.322       27.9042
      310.322       29.9042
      312.232       27.9941
      312.232       29.9941
      314.135       28.0911
      314.135       30.0911
      315.733       28.4928
      315.733       30.4928
      317.632       28.5943
      317.632       30.5943
      319.691       28.5348
      319.691       30.5348
       321.82       28.4054
       321.82       30.4054
      323.604       28.6217
      323.604       30.6217
      325.619       28.6073
      325.619       30.6073
      327.728       28.4981
      327.728       30.4981
      329.716       28.5095
      329.716       30.5095
      331.705       28.5207
      331.705       30.5207
      333.783       28.4428
      333.783       30.4428
      335.741       28.4849
      335.741       30.4849
      337.653       28.5732
      337.653       30.5732
      339.583       28.6432
      339.583       30.6432
      341.588       28.6377
      341.588       30.6377
      343.567       28.6593
      343.567       30.6593
      345.606       28.6198
      345.606       30.6198
      347.779       28.4465
      347.779       30.4465
      349.735       28.4907
      349.735       30.4907
      352.254       27.9716
      352.254       29.9716
      354.157       28.0685
      354.157       30.0685
      356.171       28.0544
      356.171       30.0544
      358.081       28.1446
      358.081       30.1446
      359.739       28.4865
      359.739       30.4865
      362.035       28.1905
      362.035       30.1905
      363.576       28.6494
      363.576       30.6494
      365.306       28.9203
      365.306       30.9203
       367.11       29.1162
       367.11       31.1162
      369.238       28.9876
      369.238       30.9876
      371.049       29.1771
      371.049       31.1771
      373.329       28.8973
      373.329       30.8973
      375.267       28.9589
      375.267       30.9589
      377.554       28.6718
      377.554       30.6718
      379.432       28.7937
      379.432       30.7937
      381.378        28.848
      381.378        30.848
      383.342       28.8841
      383.342       30.8841
      385.382       28.8438
      385.382       30.8438
      387.338       28.8883
      387.338       30.8883
      389.303       28.9229
      389.303       30.9229
       391.33       28.8956
       391.33       30.8956
      393.097       29.1287
      393.097       31.1287
      395.165        29.061
      395.165        31.061
      397.151       29.0745
      397.151       31.0745
      399.283       28.9428
      399.283       30.9428
      401.549       28.6774
      401.549       30.6774
      403.714        28.512
      403.714        30.512
      405.739       28.4866
      405.739       30.4866
       407.61       28.6162
       407.61       30.6162
      409.117       29.1087
      409.117       31.1087
      411.205       29.0207
      411.205       31.0207
      413.177        29.049
      413.177        31.049
      415.568       28.6583
      415.568       30.6583
