Segment_Index Download_Request_Sent Download_Start Download_End Segment_Size Download_OK
            0               2.10572        2.19695      2.22586         3128           Y
            1               2.22586        2.31621      2.86531       499214           Y
            2               2.86531        2.95571      3.07921       825296           Y
            3               3.07921        3.16982      3.30418       981130           Y
            4               3.30418        3.39535       3.5238       733942           Y
            5                3.5238        3.61456      3.71988       639638           Y
            6               3.71988        3.81055      3.84554       488296           Y
            7               3.84554        3.93612      3.96456       349962           Y
            8               3.96456        4.05507      4.09689       468860           Y
            9               4.09689        4.18793      4.21739       407504           Y
           10               4.21739        4.30812      4.34369       423708           Y
           11               4.34369         4.4343      4.46736       397076           Y
           12               4.46736        4.55789      4.58829       362400           Y
           13               4.58829        4.67883      4.69849       218644           Y
           14               4.84649        4.93675      4.96615       271614           Y
           15               5.50088        5.59114      5.62213       432530           Y
           16               6.54328        6.63355      6.67699       450424           Y
           17               7.96217        8.05243      8.09754       502640           Y
           18               9.54397        9.63424       9.7513       582204           Y
           19                11.283        11.3733      11.4742       574158           Y
           20               13.1755        13.2658      13.3818       634288           Y
           21               15.0194        15.1097       15.249       986196           Y
           22               16.8205        16.9108      17.1866      1563234           Y
           23               19.6419        19.7321      20.0259      1655234           Y
           24               22.3262        22.4164      22.6487      1370872           Y
           25               25.1088         25.199      25.4369      1401124           Y
           26               27.5979        27.6881      27.9016      1329350           Y
           27               29.8171        29.9074      30.1091      1168552           Y
           28               31.7809        31.8711       32.071      1147554           Y
           29               33.6994        33.7897      33.9916      1163788           Y
           30               35.5751        35.6654      35.7952       817018           Y
           31               37.4105        37.5008      37.6437       976766           Y
           32               39.2081        39.2984      39.5048      1161540           Y
           33               40.9704        41.0607      41.1735       698234           Y
           34               42.6996        42.7899      42.9197       905140           Y
           35               44.3978         44.488      44.5252       490738           Y
           36               46.2667         46.357      46.4614       634470           Y
           37               48.1038        48.1941      48.2852       518874           Y
           38               49.9115        50.0017      50.0949       529286           Y
           39               51.6917         51.782      51.8193       515898           Y
           40               53.4463        53.5365      53.6465       660316           Y
           41               55.3766        55.4669      55.5751       669498           Y
           42               57.2806        57.3708      57.4842       717700           Y
           43                 59.16        59.2503      59.3672       643228           Y
           44               61.0165        61.1068       61.135       384562           Y
           45               62.8514        62.9417      62.9752       477904           Y
           46                64.666        64.7562      64.8597       589022           Y
           47               66.6611        66.7514      66.8476       539598           Y
           48                68.635        68.7252      68.8396       717554           Y
           49                70.589        70.6793      70.7717       521114           Y
           50               72.5244        72.6146      72.6395       345114           Y
           51                74.442        74.5323      74.5521       267270           Y
           52               77.1722        77.2624      77.5824      1911638           Y
           53               79.8512        79.9415      80.6227      3809514           Y
           54               82.4869        82.5771      83.0873      2908998           Y
           55               84.8835        84.9738      85.7037      4124046           Y
           56               87.0482        87.1385      87.8034      3757420           Y
           57               89.1859        89.2762      89.9278      3646514           Y
           58               91.0972        91.1875      91.6933      2863936           Y
           59               92.9863        93.0766      93.3127      1413148           Y
           60               94.8536        94.9438      95.4368      2735758           Y
           61               96.6996        96.7899       97.437      3605436           Y
           62                98.525        98.6153      98.9547      1927798           Y
           63               100.331        100.421      100.741      1810158           Y
           64               102.117        102.207       102.64      2468234           Y
           65               104.085        104.175       104.48      1644128           Y
           66               106.032        106.122       106.34      1283582           Y
           67               107.959         108.05       108.16       645554           Y
           68               109.868        109.959      109.994       476182           Y
           69               111.759         111.85      112.357      2849792           Y
           70               113.833        113.923      114.491      3157680           Y
           71               115.888        115.978      116.274      1655086           Y
           72               117.725        117.815      118.234      2422030           Y
           73               119.547        119.637      119.777       865194           Y
           74               121.354        121.444      121.446        21740           Y
           75               123.147        123.237      123.533      1672964           Y
           76               125.127        125.217      125.822      3429076           Y
           77                127.09        127.181      127.831      3619938           Y
           78                129.04         129.13       129.77      3495936           Y
           79               130.974        131.065      131.742      3793936           Y
           80               132.896        132.986      133.643      3642068           Y
           81               134.804        134.894        135.4      2613222           Y
           82               136.699        136.789      137.226      2477740           Y
           83               138.582        138.672      139.202      2844468           Y
           84               140.452        140.543      140.937      2238952           Y
           85               142.311        142.402      142.727      1856964           Y
           86               144.359        144.449      144.825      2104104           Y
           87               146.394        146.484      146.925      2565686           Y
           88               148.417        148.507      149.077      3164702           Y
           89               150.428        150.518      151.232      4017534           Y
           90               152.428        152.518      153.034      2964310           Y
           91               154.416        154.507      155.298      4405610           Y
           92               156.194        156.285      156.829      3078792           Y
           93               158.164        158.254      158.733      2660794           Y
           94               159.922        160.013      160.825      4577932           Y
           95               161.873        161.963      162.257      1670978           Y
           96               163.813        163.904      164.466      3121956           Y
           97               165.744        165.835      166.506      3711576           Y
           98               167.666        167.756      168.145      2113830           Y
           99               169.579        169.669      170.239      3165496           Y
          100               171.483        171.573      172.274      3884196           Y
          101               173.578        173.669      174.097      2339512           Y
          102               175.464        175.555      175.788      1472964           Y
          103               177.342        177.433      177.713      1552708           Y
          104               179.413        179.503      179.795      1649486           Y
          105               181.474        181.564      181.895      1928648           Y
          106               183.527        183.617      184.094      2664290           Y
          107               185.571        185.661      186.076      2382926           Y
          108               187.607        187.698      188.169      2641274           Y
          109               189.636        189.726      190.036      1726200           Y
          110               191.657        191.747      191.944      1066390           Y
          111                193.67        193.761      193.888       861156           Y
          112               195.677        195.767      195.799       383238           Y
          113               197.676        197.766      197.789       325736           Y
          114               199.668        199.758      199.784       355820           Y
          115               201.653        201.743      201.777       437786           Y
          116               203.631        203.721      203.921      1120514           Y
          117               205.603        205.693      205.973      1565278           Y
          118               207.568        207.659      208.055      2246054           Y
          119               209.527        209.618      209.845      1439812           Y
          120                211.48        211.571      211.949      2092608           Y
          121               213.427        213.517      213.794      1562956           Y
          122               215.368        215.458      215.655      1099550           Y
          123               217.303        217.393      217.489       545526           Y
          124               219.232        219.323      219.916      3348426           Y
          125               221.156        221.246      221.681      2548652           Y
          126               223.074        223.164      223.629      2609818           Y
          127               224.987        225.077        225.5      2441370           Y
          128               226.894        226.984      227.902      5041212           Y
          129               229.798        229.888      230.684      4422072           Y
          130               232.679         232.77      233.458      3766422           Y
          131               235.541        235.631      236.207      3155806           Y
          132               238.184        238.274      239.019      4153232           Y
          133               240.611        240.702      241.472      4274608           Y
          134               243.025        243.115      243.812      3903466           Y
          135               245.225        245.315      246.069      4194944           Y
          136               247.213        247.303      247.595      1640676           Y
          137                249.19         249.28      249.776      2766674           Y
          138               251.157        251.247      251.939      3932322           Y
          139               253.113        253.203      253.959      4199492           Y
          140               255.058        255.149      255.525      2107740           Y
          141               256.993        257.084      257.817      4117966           Y
          142               258.918        259.009      260.258      6963336           Y
          143               260.833        260.923      261.933      5620138           Y
          144               262.738        262.828      263.778      5305968           Y
          145               264.433        264.523      265.507      5409740           Y
          146                266.32         266.41      267.262      4772436           Y
          147               268.197        268.288      269.374      6135164           Y
          148               270.065        270.156      270.964      4579268           Y
          149               271.924        272.015      272.321      1795422           Y
          150               273.774        273.864      274.463      3444382           Y
          151               275.815        275.906      276.514      3450010           Y
          152               277.846        277.937      278.555      3269908           Y
          153               279.868        279.958      280.568      3467588           Y
          154                281.88         281.97       282.56      3308552           Y
          155               283.883        283.973      284.367      2244422           Y
          156               285.877        285.967      286.496      2926848           Y
          157               287.862        287.952      288.942      5592628           Y
          158               289.839        289.929      290.721      4413426           Y
          159               291.807        291.897      292.403      2796880           Y
          160               293.766        293.857      294.519      3660504           Y
          161               295.718        295.808      297.167      7533248           Y
          162               297.661        297.752      298.637      5010154           Y
          163               299.624        299.714      300.685      5411976           Y
          164               301.594        301.684      302.382      3869402           Y
          165               303.567        303.657      304.436      4344394           Y
          166               305.537        305.627      306.864      6905924           Y
          167               307.503        307.593      308.649      5947576           Y
          168               309.463        309.553      310.655      6182400           Y
          169               311.415        311.506      312.701      6475082           Y
          170               313.361        313.451      314.604      6455982           Y
          171               315.299        315.389      316.051      3714282           Y
          172               317.229         317.32      318.039      3994506           Y
          173               319.152        319.243      319.996      4209008           Y
          174               321.268        321.358      322.207      4729682           Y
          175               323.375        323.465      323.779      1848218           Y
          176               325.473        325.563      325.889      1983640           Y
          177               327.564        327.654      328.094      2567612           Y
          178               329.646        329.736      330.161      2404088           Y
          179               331.721        331.811      332.186      2106070           Y
          180               333.788        333.878      334.352      2660432           Y
          181               335.847        335.938      336.357      2403346           Y
          182               337.899         337.99      338.225      1534600           Y
          183               339.744        339.835      339.966       913140           Y
          184               341.583        341.673      341.879      1110714           Y
          185               343.615        343.706      343.907      1103382           Y
          186               345.641        345.731      346.024      1653844           Y
          187               347.659        347.749      348.459      3939210           Y
          188                349.67         349.76      350.429      3738582           Y
          189               351.675        351.765      353.497      9606526           Y
          190               353.497        353.587      355.195      8941710           Y
          191               355.374        355.465      357.206      9684976           Y
          192               357.206        357.297      359.118     10111356           Y
          193               359.281        359.372      360.972      8788462           Y
          194                361.48        361.571      363.655     11637172           Y
          195               363.761        363.851      365.279      7949250           Y
          196               366.181        366.272      367.238      5374578           Y
          197               368.484        368.574      369.181      3452472           Y
          198               370.821        370.911      371.738      4571072           Y
          199               373.167        373.257      373.658      2247484           Y
          200               375.709        375.799      376.313      2899326           Y
          201               378.037        378.128      378.553      2508070           Y
          202               380.351        380.441      381.009      3180516           Y
          203               382.447        382.537      382.856      1835380           Y
          204               384.528        384.619      384.851      1493684           Y
          205               386.594        386.684      386.902      1353300           Y
          206               388.644        388.734       389.06      1930332           Y
          207               390.679        390.769      391.079      1771204           Y
          208               392.698        392.788      393.092      1765204           Y
          209               394.702        394.792      395.175      2117030           Y
          210               396.692        396.782       396.81       382526           Y
          211               398.667        398.758      398.994      1477660           Y
          212               400.629        400.719      401.093      2094178           Y
          213               402.576        402.667          403      1983954           Y
          214               404.511        404.601      405.121      3019654           Y
          215               406.432        406.522      407.135      3459742           Y
          216                408.34        408.431      409.172      4165700           Y
          217               410.236        410.326      411.001      3760282           Y
          218                412.12         412.21       412.22       118290           Y
          219               413.991        414.081      414.416      2046476           Y
          220               415.851        415.941      416.414      2623830           Y
          221               417.899        417.989      418.984      5588586           Y
