Segment_Index Rep_Level Decision_Point_Of_Time Case DelayCase
            0         0                2.10586    0         0
            1         3                2.22605    0         0
            2         3                2.86801    0         0
            3         3                3.10423    0         0
            4         3                3.36641    0         0
            5         3                3.58633    0         0
            6         3                3.79258    0         0
            7         3                3.96547    0         0
            8         3                4.11478    0         0
            9         3                4.28381    0         0
           10         3                 4.4425    0         0
           11         3                 4.6041    0         0
           12         3                 4.7611    0         0
           13         3                 4.9123    0         0
           14         3                 5.0394    0         0
           15         3                5.30203    0         0
           16         3                5.97863    0         0
           17         3                7.01882    0         0
           18         3                8.24053    0         0
           19         3                9.84195    0         0
           20         3                11.5791    0         0
           21         3                13.2835    0         0
           22         4                15.1905    0         0
           23         4                17.0999    0         0
           24         4                19.9488    0         0
           25         4                 22.782    0         0
           26         4                25.5607    0         0
           27         4                28.0323    0         0
           28         4                30.2211    0         0
           29         4                32.1795    0         0
           30         4                34.0975    0         0
           31         4                35.9102    0         0
           32         4                37.7682    0         0
           33         4                   39.6    0         0
           34         4                41.2773    0         0
           35         4                43.0401    0         0
           36         4                44.6608    0         0
           37         4                46.3593    0         0
           38         4                48.1784    0         0
           39         4                49.9916    0         0
           40         4                51.7703    0         0
           41         4                53.7534    0         0
           42         4                 55.683    0         0
           43         4                 57.594    0         0
           44         4                59.4584    0         0
           45         4                61.2642    0         0
           46         4                63.1138    0         0
           47         4                64.9516    0         0
           48         4                66.7379    0         0
           49         4                68.7445    0         0
           50         4                70.6657    0         0
           51         5                72.5678    0         0
           52         5                74.4742    0         0
           53         5                 77.501    0         0
           54         5                80.5235    0         0
           55         5                82.9989    0         0
           56         5                85.6157    0         0
           57         5                87.7172    0         0
           58         5                89.8368    0         0
           59         5                91.6134    0         0
           60         5                93.2389    0         0
           61         5                95.3492    0         0
           62         5                97.3522    0         0
           63         5                 98.874    0         0
           64         5                100.661    0         0
           65         5                102.566    0         0
           66         5                104.388    0         0
           67         5                106.267    0         0
           68         5                108.084    0         0
           69         5                109.957    0         0
           70         5                 112.28    0         0
           71         5                114.412    0         0
           72         5                116.196    0         0
           73         5                118.176    0         0
           74         5                119.713    0         0
           75         5                121.572    0         0
           76         5                123.858    0         0
           77         5                126.151    0         0
           78         5                128.149    0         0
           79         5                130.071    0         0
           80         5                132.057    0         0
           81         5                133.951    0         0
           82         5                135.668    0         0
           83         5                137.537    0         0
           84         5                139.485    0         0
           85         5                141.244    0         0
           86         5                143.037    0         0
           87         5                144.924    0         0
           88         5                146.842    0         0
           89         5                148.973    0         0
           90         5                151.142    0         0
           91         5                152.951    0         0
           92         5                155.207    0         0
           93         5                156.945    0         0
           94         5                158.831    0         0
           95         5                 161.14    0         0
           96         5                162.562    0         0
           97         5                164.763    0         0
           98         5                166.799    0         0
           99         5                 168.43    0         0
          100         5                170.531    0         0
          101         5                172.563    0         0
          102         5                174.178    0         0
          103         5                175.908    0         0
          104         5                177.801    0         0
          105         5                179.888    0         0
          106         5                181.999    0         0
          107         5                184.186    0         0
          108         5                 186.18    0         0
          109         5                188.259    0         0
          110         5                190.125    0         0
          111         5                192.027    0         0
          112         5                193.801    0         0
          113         5                195.721    0         0
          114         5                197.711    0         0
          115         5                199.709    0         0
          116         5                201.708    0         0
          117         5                203.814    0         0
          118         5                205.868    0         0
          119         5                207.956    0         0
          120         5                209.768    0         0
          121         5                 211.84    0         0
          122         5                213.691    0         0
          123         5                 215.55    0         0
          124         5                217.387    0         0
          125         5                219.817    0         0
          126         5                221.602    0         0
          127         5                 223.53    0         0
          128         6                225.411    0         0
          129         6                227.789    0         0
          130         6                230.582    0         0
          131         6                233.346    0         0
          132         6                236.096    0         0
          133         6                238.921    0         0
          134         6                241.377    0         0
          135         6                 243.72    0         0
          136         6                245.974    0         0
          137         6                247.499    0         0
          138         6                249.682    0         0
          139         6                251.862    0         0
          140         6                253.867    0         0
          141         6                255.434    0         0
          142         6                257.729    0         0
          143         6                260.169    0         0
          144         6                261.839    0         0
          145         6                263.699    0         0
          146         6                265.604    0         0
          147         6                267.379    0         0
          148         6                269.498    0         0
          149         6                271.092    0         0
          150         6                272.445    0         0
          151         6                274.595    0         0
          152         6                276.638    0         0
          153         6                278.628    0         0
          154         6                280.689    0         0
          155         6                282.668    0         0
          156         6                284.481    0         0
          157         6                286.597    0         0
          158         6                289.064    0         0
          159         6                290.827    0         0
          160         6                292.502    0         0
          161         6                294.617    0         0
          162         6                297.268    0         0
          163         6                298.753    0         0
          164         6                300.788    0         0
          165         6                302.282    0         0
          166         6                304.336    0         0
          167         6                306.773    0         0
          168         6                308.562    0         0
          169         6                310.569    0         0
          170         6                312.571    0         0
          171         6                314.512    0         0
          172         6                315.956    0         0
          173         6                317.938    0         0
          174         6                319.903    0         0
          175         6                322.105    0         0
          176         6                323.693    0         0
          177         6                325.814    0         0
          178         6                328.011    0         0
          179         6                330.067    0         0
          180         6                332.085    0         0
          181         6                334.254    0         0
          182         6                336.264    0         0
          183         6                338.157    0         0
          184         6                339.889    0         0
          185         6                341.769    0         0
          186         6                343.801    0         0
          187         6                345.923    0         0
          188         6                348.349    0         0
          189         6                350.333    0         0
          190         6                 353.39    0         0
          191         6                 355.09    0         0
          192         6                 357.11    0         0
          193         6                359.029    0         0
          194         6                360.865    0         0
          195         6                363.584    0         0
          196         6                365.197    0         0
          197         6                367.163    0         0
          198         6                369.129    0         0
          199         6                371.877    0         0
          200         6                374.022    0         0
          201         6                376.692    0         0
          202         6                378.954    0         0
          203         6                381.401    0         0
          204         6                383.262    0         0
          205         6                385.288    0         0
          206         6                387.142    0         0
          207         6                389.101    0         0
          208         6                390.918    0         0
          209         6                392.953    0         0
          210         6                395.029    0         0
          211         6                396.717    0         0
          212         6                  398.9    0         0
          213         6                400.985    0         0
          214         6                402.924    0         0
          215         6                 405.06    0         0
          216         6                407.066    0         0
          217         6                 409.12    0         0
          218         6                410.944    0         0
          219         6                412.182    0         0
          220         6                414.408    0         0
          221         6                416.386    0         0
