Segment_Index Download_Request_Sent Download_Start Download_End Segment_Size Download_OK
            0               2.10575        2.19702       2.2259         3128           Y
            1                2.2259         2.3163      2.86582       499214           Y
            2               2.86582         2.9565      3.07776       825296           Y
            3               3.07776         3.1683      3.25381       981130           Y
            4               3.25381        3.34484      3.40798       733942           Y
            5               3.40798        3.49851      3.55359       639638           Y
            6               3.55359        3.64415      3.68614       488296           Y
            7               3.68614        3.77701      3.80704       349962           Y
            8               3.80704        3.89749      3.93927       468860           Y
            9               3.93927        4.02986      4.06495       407504           Y
           10               4.06495        4.15588      4.19261       423708           Y
           11               4.19261        4.28324      4.31909       397076           Y
           12               4.31909        4.40994      4.44267       362400           Y
           13               4.44267         4.5333      4.55249       218644           Y
           14               4.70302        4.79344      4.81723       271614           Y
           15               5.35968        5.45014      5.48854       432530           Y
           16               6.40463        6.49494      6.53333       450424           Y
           17               7.82638        7.91669      7.96036       502640           Y
           18               9.41128        9.50159      9.55156       582204           Y
           19               11.1535        11.2438      11.2926       574158           Y
           20                13.049        13.1393      13.1936       634288           Y
           21               14.8958        14.9861      15.0696       986196           Y
           22               16.6994        16.7898      16.9402      1563234           Y
           23               19.7259        19.8162      19.9724      1655234           Y
           24               22.6009        22.6912      22.8185      1370872           Y
           25               25.3679        25.4582      25.5854      1401124           Y
           26               27.8469        27.9372      28.0608      1329350           Y
           27               30.0584        30.1487      30.2547      1168552           Y
           28               32.0155        32.1058      32.2127      1147554           Y
           29               33.9282        34.0185      34.1244      1163788           Y
           30               35.5986        35.6889      35.7587       817018           Y
           31               37.4348        37.5251       37.608       976766           Y
           32               39.2327         39.323      39.4317      1161540           Y
           33                40.995        41.0853      41.1446       698234           Y
           34                42.724        42.8143      42.8911       905140           Y
           35                44.422        44.5123      44.5544       490738           Y
           36               46.2907         46.381      46.4366       634470           Y
           37               48.1275        48.2178      48.2623       518874           Y
           38               49.9349        50.0252      50.0711       529286           Y
           39               51.7148        51.8051      51.8494       515898           Y
           40               53.4691        53.5594      53.6166       660316           Y
           41               55.3992        55.4895      55.5464       669498           Y
           42               57.3029        57.3932      57.4541       717700           Y
           43               59.1821        59.2724       59.328       643228           Y
           44               61.0384        61.1287      61.1635       384562           Y
           45               62.8731        62.9634      63.0043       477904           Y
           46               64.6874        64.7777      64.8281       589022           Y
           47               66.6823        66.7727        66.82       539598           Y
           48                68.656        68.7463      68.8078       717554           Y
           49               70.6099        70.7002      70.7445       521114           Y
           50               72.5451        72.6354      72.6655       345114           Y
           51               74.4626        74.5529      74.5758       267270           Y
           52               77.1924        77.2827      77.4561      1911638           Y
           53               79.8712        79.9617      80.3321      3809514           Y
           54               82.5066        82.5969      82.8666      2908998           Y
           55                84.903        84.9934      85.3807      4124046           Y
           56               87.0675        87.1578      87.5098      3757420           Y
           57                89.205        89.2953      89.6505      3646514           Y
           58               91.1161        91.2064      91.4709      2863936           Y
           59                93.005        93.0953      93.2274      1413148           Y
           60                94.872        94.9624      95.2167      2735758           Y
           61               96.7179        96.8082      97.1402      3605436           Y
           62               98.5431        98.6334      98.8126      1927798           Y
           63               100.548        100.639      100.803      1810158           Y
           64               102.532        102.622      102.854      2468234           Y
           65               104.494        104.584      104.737      1644128           Y
           66               106.436        106.527       106.65      1283582           Y
           67                108.36         108.45      108.505       645554           Y
           68               110.264        110.355      110.396       476182           Y
           69               112.152        112.242      112.503      2849792           Y
           70               114.022        114.112      114.415      3157680           Y
           71               115.876        115.966      116.115      1655086           Y
           72               117.714        117.804      118.028      2422030           Y
           73               119.537        119.627      119.701       865194           Y
           74               121.544        121.635      121.637        21740           Y
           75               123.536        123.626      123.784      1672964           Y
           76               125.511        125.602      125.928      3429076           Y
           77               127.472        127.562      127.897      3619938           Y
           78               129.418        129.508      129.842      3495936           Y
           79                131.35         131.44      131.795      3793936           Y
           80               133.269        133.359      133.699      3642068           Y
           81               135.174        135.264      135.508      2613222           Y
           82               137.067        137.157      137.393      2477740           Y
           83               138.947        139.038      139.302      2844468           Y
           84               140.816        140.906      141.117      2238952           Y
           85               142.672        142.763      142.935      1856964           Y
           86               144.518        144.608      144.808      2104104           Y
           87               146.552        146.643      146.898      2565686           Y
           88               148.575        148.665      148.961      3164702           Y
           89               150.585        150.675      151.055      4017534           Y
           90               152.584        152.674      152.952      2964310           Y
           91               154.572        154.662      155.079      4405610           Y
           92               156.549         156.64      156.933      3078792           Y
           93               158.516        158.606       158.85      2660794           Y
           94               160.473        160.563      160.997      4577932           Y
           95                162.42        162.511      162.663      1670978           Y
           96               164.358        164.448      164.729      3121956           Y
           97               166.286        166.376       166.72      3711576           Y
           98               168.205        168.295      168.489      2113830           Y
           99               170.115        170.206      170.503      3165496           Y
          100               172.017        172.107      172.466      3884196           Y
          101                173.91        174.001      174.217      2339512           Y
          102               175.795        175.885      176.029      1472964           Y
          103               177.672        177.762      177.914      1552708           Y
          104               179.741        179.831      179.982      1649486           Y
          105               181.801        181.891      182.069      1928648           Y
          106               183.852        183.943      184.198      2664290           Y
          107               185.895        185.986      186.204      2382926           Y
          108               187.931        188.021      188.267      2641274           Y
          109               189.958        190.048      190.209      1726200           Y
          110               191.978        192.068      192.165      1066390           Y
          111                193.79         193.88      193.954       861156           Y
          112               195.796        195.886       195.92       383238           Y
          113               197.795        197.885      197.914       325736           Y
          114               199.787        199.877      199.909       355820           Y
          115               201.771        201.862      201.899       437786           Y
          116               203.749         203.84      203.941      1120514           Y
          117               205.721        205.811      205.956      1565278           Y
          118               207.686        207.776      207.986      2246054           Y
          119               209.645        209.735      209.868      1439812           Y
          120               211.597        211.688      211.877      2092608           Y
          121               213.544        213.634      213.779      1562956           Y
          122               215.484        215.575      215.674      1099550           Y
          123               217.419        217.509      217.556       545526           Y
          124               219.348        219.438      219.757      3348426           Y
          125               221.271        221.361      221.601      2548652           Y
          126               223.189        223.279      223.522      2609818           Y
          127               225.101        225.192      225.426      2441370           Y
          128               227.008        227.099      227.586      5041212           Y
          129               229.912        230.002      230.416      4422072           Y
          130               232.792        232.883       233.24      3766422           Y
          131               235.653        235.743      236.036      3155806           Y
          132               238.295        238.386      238.771      4153232           Y
          133               240.722        240.812      241.211      4274608           Y
          134               243.135        243.225      243.595      3903466           Y
          135               245.334        245.425      245.817      4194944           Y
          136               247.522        247.612      247.767      1640676           Y
          137               249.497        249.587      249.845      2766674           Y
          138               251.462        251.552      251.922      3932322           Y
          139               253.416        253.506      253.912      4199492           Y
          140                255.36         255.45      255.641      2107740           Y
          141               257.293        257.383      257.767      4117966           Y
          142               259.216        259.307      259.969      6963336           Y
          143                261.13         261.22       261.75      5620138           Y
          144               263.033        263.123      263.628      5305968           Y
          145               264.927        265.017      265.526      5409740           Y
          146               266.811        266.901      267.357      4772436           Y
          147               268.685        268.776      269.354      6135164           Y
          148               270.551        270.641      271.075      4579268           Y
          149               272.407        272.498      272.667      1795422           Y
          150               274.255        274.345      274.668      3444382           Y
          151               276.294        276.384      276.718      3450010           Y
          152               278.323        278.413      278.721      3269908           Y
          153               280.342        280.432      280.756      3467588           Y
          154               282.352        282.442      282.749      3308552           Y
          155               284.353        284.443      284.653      2244422           Y
          156               286.345        286.435       286.71      2926848           Y
          157               288.328        288.418      288.941      5592628           Y
          158               290.302        290.393      290.801      4413426           Y
          159               292.268        292.359      292.624      2796880           Y
          160               294.226        294.316      294.656      3660504           Y
          161               296.176        296.266      296.984      7533248           Y
          162               298.117        298.208      298.683      5010154           Y
          163               300.051        300.141      300.667      5411976           Y
          164               301.977        302.067      302.436      3869402           Y
          165               303.895        303.985      304.403      4344394           Y
          166               305.806        305.896      306.538      6905924           Y
          167               307.709        307.799      308.369      5947576           Y
          168               309.605        309.695      310.271      6182400           Y
          169               311.493        311.584      312.191      6475082           Y
          170               313.375        313.465      314.066      6455982           Y
          171                315.25         315.34      315.699      3714282           Y
          172               317.317        317.408      317.781      3994506           Y
          173               319.377        319.467      319.863      4209008           Y
          174               321.429         321.52      321.958      4729682           Y
          175               323.474        323.565      323.735      1848218           Y
          176               325.512        325.602      325.784      1983640           Y
          177               327.542        327.633      327.869      2567612           Y
          178               329.566        329.656      329.882      2404088           Y
          179               331.583        331.673      331.866      2106070           Y
          180               333.592        333.683       333.93      2660432           Y
          181               335.596        335.686      335.916      2403346           Y
          182               337.592        337.683      337.824      1534600           Y
          183               339.582        339.673      339.751       913140           Y
          184               341.566        341.656      341.765      1110714           Y
          185               343.544        343.634      343.734      1103382           Y
          186               345.515        345.605      345.759      1653844           Y
          187                347.48         347.57      347.932      3939210           Y
          188               349.439        349.529      349.886      3738582           Y
          189               351.392        351.482      352.405      9606526           Y
          190               353.339         353.43      354.265      8941710           Y
          191               355.281        355.371      356.288      9684976           Y
          192               357.016        357.107      358.054     10111356           Y
          193               358.747        358.837       359.68      8788462           Y
          194               360.473        360.563      361.667     11637172           Y
          195               362.394        362.484       363.23      7949250           Y
          196               364.328        364.418      364.925      5374578           Y
          197               366.267        366.357      366.678      3452472           Y
          198               368.208        368.298      368.728      4571072           Y
          199               370.348        370.438      370.647      2247484           Y
          200               372.484        372.574       372.84      2899326           Y
          201               374.615        374.705      374.938      2508070           Y
          202               376.741        376.831      377.132      3180516           Y
          203               378.861        378.951      379.121      1835380           Y
          204               380.975        381.066      381.201      1493684           Y
          205               383.084        383.174      383.301      1353300           Y
          206               385.187        385.277      385.453      1930332           Y
          207               387.284        387.374      387.536      1771204           Y
          208               389.175        389.266      389.443      1765204           Y
          209               391.062        391.152      391.346      2117030           Y
          210               392.943        393.034      393.067       382526           Y
          211                394.82         394.91      395.045      1477660           Y
          212               396.692        396.782      396.978      2094178           Y
          213               398.759        398.849      399.039      1983954           Y
          214                400.82        400.911      401.194      3019654           Y
          215               402.876        402.967      403.292      3459742           Y
          216               404.927        405.017       405.41      4165700           Y
          217               406.973        407.063      407.421      3760282           Y
          218               408.813        408.903      408.914       118290           Y
          219               410.649        410.739      410.929      2046476           Y
          220               412.481        412.571      412.818      2623830           Y
          221               414.508        414.599      415.118      5588586           Y
